0.0 158.256
0.0005 88753.7
0.001 37281.3
0.0015 25987.6
0.002 19190.5
0.0025 15157.7
0.003 12514.6
0.0035 10625
0.004 9215.67
0.0045 8109.94
0.005 7223.16
0.0055 6510.13
0.006 5914.92
0.0065 5405.86
0.007 4969.15
0.0075 4606.92
0.008 4276.35
0.0085 3997.48
0.009 3733
0.0095 3514.35
0.01 3308.73
0.0105 3120.13
0.011 2959.6
0.0115 2804.48
0.012 2663.16
0.0125 2542.9
0.013 2420.28
0.0135 2314
0.014 2211.8
0.0145 2117.27
0.015 2027.91
0.0155 1951.62
0.016 1873.35
0.0165 1804.54
0.017 1734.34
0.0175 1671.72
0.018 1614.68
0.0185 1558.95
0.019 1503.05
0.0195 1450.61
0.02 1405.9
0.0205 1363.55
0.021 1320.69
0.0215 1277.55
0.022 1239.7
0.0225 1203.34
0.023 1168.13
0.0235 1134.54
0.024 1102.68
0.0245 1072.92
0.025 1040.24
0.0255 1015
0.026 988.944
0.0265 961.615
0.027 934.465
0.0275 913.997
0.028 891.813
0.0285 867.773
0.029 844.954
0.0295 828.333
0.03 805.186
0.0305 789.556
0.031 769.847
0.0315 755.036
0.032 729.63
0.0325 719.47
0.033 705.388
0.0335 686.423
0.034 674.691
0.0345 656.92
0.035 644.277
0.0355 631.432
0.036 618.521
0.0365 606.223
0.037 595.656
0.0375 579.686
0.038 567.844
0.0385 557.188
0.039 547.36
0.0395 537.054
0.04 528.359
0.0405 519.128
0.041 507.996
0.0415 496.115
0.042 489.878
0.0425 479.394
0.043 473.022
0.0435 462.713
0.044 455.314
0.0445 445.55
0.045 439.976
0.0455 430.008
0.046 424.133
0.0465 415.94
0.047 411.071
0.0475 404.091
0.048 397.696
0.0485 389.566
0.049 382.073
0.0495 376.345
0.05 371.926
0.0505 363.376
0.051 358.263
0.0515 353.96
0.052 345.458
0.0525 342.779
0.053 336.353
0.0535 332.263
0.054 326.275
0.0545 320.945
0.055 315.786
0.0555 311.083
0.056 307.067
0.0565 303.21
0.057 298.038
0.0575 292.196
0.058 288.721
0.0585 285.358
0.059 280.671
0.0595 273.42
0.06 272.233
0.0605 266.255
0.061 264.889
0.0615 260.278
0.062 258.142
0.0625 254.927
0.063 248.148
0.0635 245.374
0.064 242.817
0.0645 238.699
0.065 236.907
0.0655 233.674
0.066 230.755
0.0665 229.734
0.067 223.556
0.0675 219.804
0.068 218.555
0.0685 214.683
0.069 212.184
0.0695 210.863
0.07 207.992
0.0705 205.342
0.071 201.474
0.0715 200.689
0.072 196.094
0.0725 194.122
0.073 192.723
0.0735 188.997
0.074 187.95
0.0745 183.348
0.075 181.446
0.0755 180.961
0.076 178.022
0.0765 173.738
0.077 173.932
0.0775 171.736
0.078 168.877
0.0785 167.536
0.079 166.044
0.0795 164.086
0.08 161.908
0.0805 158.062
0.081 158.723
0.0815 155.662
0.082 154.304
0.0825 152.481
0.083 150.306
0.0835 148.236
0.084 146.296
0.0845 144.429
0.085 142.989
0.0855 142.785
0.086 140.547
0.0865 139.748
0.087 137.121
0.0875 137.199
0.088 133.986
0.0885 132.651
0.089 131.896
0.0895 131.033
0.09 128.891
0.0905 126.859
0.091 126.318
0.0915 124.262
0.092 122.765
0.0925 121.784
0.093 120.008
0.0935 119.908
0.094 117.183
0.0945 118.14
0.095 116.038
0.0955 114.583
0.096 114.056
0.0965 113.097
0.097 111.113
0.0975 109.76
0.098 108.547
0.0985 106.501
0.099 106.28
0.0995 104.921
0.1 104.13
0.1005 103.664
0.101 101.608
0.1015 101.169
0.102 99.3275
0.1025 98.5467
0.103 97.8339
0.1035 97.0071
0.104 96.7008
0.1045 96.1843
0.105 94.5166
0.1055 94.5006
0.106 92.2063
0.1065 92.0121
0.107 90.893
0.1075 89.4155
0.108 89.1152
0.1085 88.4505
0.109 86.7648
0.1095 87.3935
0.11 85.0111
0.1105 85.4155
0.111 84.5927
0.1115 83.7819
0.112 82.6027
0.1125 80.9691
0.113 81.0511
0.1135 79.7338
0.114 80.7889
0.1145 79.3754
0.115 77.5797
0.1155 77.5576
0.116 77.2133
0.1165 76.6467
0.117 74.6948
0.1175 73.7538
0.118 74.6587
0.1185 73.8719
0.119 73.7298
0.1195 71.6757
0.12 71.1373
0.1205 71.8339
0.121 70.3003
0.1215 69.8459
0.122 69.0351
0.1225 68.899
0.123 67.5557
0.1235 67.3134
0.124 67.3975
0.1245 67.3835
0.125 65.5836
0.1255 64.8309
0.126 64.6127
0.1265 62.981
0.127 63.0891
0.1275 63.1052
0.128 61.6157
0.1285 62.1442
0.129 61.2913
0.1295 60.2563
0.13 59.8919
0.1305 59.5396
0.131 59.0932
0.1315 58.8209
0.132 58.0401
0.1325 57.5336
0.133 57.0611
0.1335 56.2043
0.134 56.5807
0.1345 56.0621
0.135 55.2873
0.1355 54.7128
0.136 54.2423
0.1365 53.4675
0.137 53.7358
0.1375 53.0411
0.138 52.979
0.1385 52.0661
0.139 52.8469
0.1395 51.2873
0.14 50.8329
0.1405 50.6187
0.141 50.3504
0.1415 49.2493
0.142 49.2032
0.1425 49.1772
0.143 48.1742
0.1435 48.5206
0.144 47.3554
0.1445 47.2954
0.145 46.8589
0.1455 46.7168
0.146 46.4145
0.1465 45.6037
0.147 44.973
0.1475 44.5446
0.148 44.7928
0.1485 44.6007
0.149 44.2222
0.1495 44.7088
0.15 43.5956
0.1505 43.2333
0.151 43.6617
0.1515 42.4005
0.152 42.7007
0.1525 41.6757
0.153 42.0861
0.1535 42.1322
0.154 40.931
0.1545 40.6227
0.155 41.0211
0.1555 39.5416
0.156 39.5716
0.1565 39.8058
0.157 40.022
0.1575 39.8859
0.158 38.8909
0.1585 38.937
0.159 37.6517
0.1595 38.3164
0.16 37.0611
0.1605 37.8759
0.161 37.4335
0.1615 36.3644
0.162 36.6527
0.1625 36.2403
0.163 36.0841
0.1635 35.4315
0.164 36.0982
0.1645 35.1912
0.165 35.2853
0.1655 34.6787
0.166 34.5145
0.1665 34.5245
0.167 34.2823
0.1675 33.6437
0.168 33.5095
0.1685 33.5115
0.169 33.1432
0.1695 32.965
0.17 33.0471
0.1705 32.1622
0.171 32.6607
0.1715 31.7958
0.172 31.9219
0.1725 32.2002
0.173 31.4435
0.1735 30.951
0.174 30.4084
0.1745 31.2313
0.175 30.7628
0.1755 30.0461
0.176 30.6487
0.1765 30.0341
0.177 29.3394
0.1775 30.2363
0.178 29.4615
0.1785 29.1872
0.179 29.2573
0.1795 28.4565
0.18 28.7208
0.1805 28.7728
0.181 28.1642
0.1815 28.2963
0.182 27.5055
0.1825 28
0.183 27.5096
0.1835 27.3053
0.184 27.3914
0.1845 27.1932
0.185 26.7027
0.1855 27.0711
0.186 26.0061
0.1865 26.4625
0.187 26.4665
0.1875 25.7138
0.188 25.6477
0.1885 25.5856
0.189 25.5076
0.1895 24.4625
0.19 25.2793
0.1905 25.1352
0.191 25.1372
0.1915 24.6006
0.192 24.3964
0.1925 24.3384
0.193 24.01
0.1935 24.016
0.194 23.9219
0.1945 23.4234
0.195 23.944
0.1955 23.3113
0.196 23.5896
0.1965 23.5476
0.197 23.3073
0.1975 23.1592
0.198 22.971
0.1985 22.6006
0.199 22.1182
0.1995 23.2373
0.2 22.3664
0.2005 22.3524
0.201 22.002
0.2015 21.8639
0.202 22.1301
0.2025 21.5976
0.203 21.2232
0.2035 21.2072
0.204 20.6967
0.2045 20.5305
0.205 21.2613
0.2055 20.997
0.206 20.3323
0.2065 20.5145
0.207 20.4505
0.2075 20.1021
0.208 20.0901
0.2085 20.4365
0.209 20.0501
0.2095 19.6777
0.21 19.952
0.2105 20.032
0.211 19.1111
0.2115 19.5436
0.212 19.5816
0.2125 18.967
0.213 19.2112
0.2135 19.4835
0.214 18.2883
0.2145 18.7368
0.215 18.8008
0.2155 18.7688
0.216 18.4845
0.2165 18.9089
0.217 17.8719
0.2175 18.0861
0.218 18.1401
0.2185 18.1682
0.219 17.3994
0.2195 17.5976
0.22 17.6417
0.2205 17.4254
0.221 17.5215
0.2215 17.8338
0.222 17.4394
0.2225 17.984
0.223 17.0611
0.2235 17.0691
0.224 16.8989
0.2245 16.7488
0.225 16.8969
0.2255 16.5446
0.226 16.4785
0.2265 16.5145
0.227 16.3404
0.2275 15.8659
0.228 16.2222
0.2285 15.8298
0.229 16.0621
0.2295 15.7397
0.23 15.8739
0.2305 16.1522
0.231 15.6657
0.2315 16.0521
0.232 15.5075
0.2325 15.4475
0.233 16.0441
0.2335 15.1792
0.234 15.3534
0.2345 14.985
0.235 14.6507
0.2355 15.1071
0.236 14.7848
0.2365 14.2483
0.237 14.6246
0.2375 14.6687
0.238 14.945
0.2385 14.4905
0.239 14.3464
0.2395 14.5305
0.24 14.2182
0.2405 14.02
0.241 14.0581
0.2415 14.4505
0.242 14.1882
0.2425 13.6697
0.243 13.6396
0.2435 13.6216
0.244 13.7137
0.2445 13.4555
0.245 13.6016
0.2455 13.1712
0.246 13.4575
0.2465 13.3814
0.247 13.0691
0.2475 13.4054
0.248 13.3714
0.2485 13.023
0.249 13.2893
0.2495 13.0571
0.25 12.5526
0.2505 12.8368
0.251 12.5266
0.2515 12.4164
0.252 12.7007
0.2525 12.7387
0.253 12.4485
0.2535 12.5426
0.254 12.1502
0.2545 12.5606
0.255 12.1542
0.2555 12.4084
0.256 11.952
0.2565 12.0421
0.257 12.2883
0.2575 12.3564
0.258 11.4855
0.2585 11.9179
0.259 11.6757
0.2595 11.8719
0.26 11.8298
0.2605 11.7097
0.261 11.4274
0.2615 11.8499
0.262 11.3614
0.2625 11.2993
0.263 11.3494
0.2635 11.2873
0.264 11.2913
0.2645 11.1131
0.265 11.0431
0.2655 11.0991
0.266 11.037
0.2665 11.2833
0.267 10.9049
0.2675 10.7147
0.268 10.8509
0.2685 10.7187
0.269 11.0811
0.2695 10.7948
0.27 10.5946
0.2705 10.6246
0.271 10.5666
0.2715 10.4545
0.272 10.6367
0.2725 10.4885
0.273 10.4545
0.2735 10.5606
0.274 10.0841
0.2745 10.3724
0.275 10.2362
0.2755 10.4024
0.276 9.95597
0.2765 10.1321
0.277 10.3544
0.2775 9.90591
0.278 10.022
0.2785 9.93394
0.279 9.79981
0.2795 9.96998
0.28 9.7017
0.2805 9.56558
0.281 9.66567
0.2815 9.5976
0.282 9.74377
0.2825 9.33134
0.283 9.56158
0.2835 9.43544
0.284 9.20922
0.2845 9.2893
0.285 9.12914
0.2855 8.87288
0.286 8.993
0.2865 9.02703
0.287 9.14917
0.2875 9.12113
0.288 8.90291
0.2885 8.96698
0.289 9.20321
0.2895 8.81482
0.29 8.86086
0.2905 8.88289
0.291 8.82082
0.2915 9.01502
0.292 8.59061
0.2925 8.75477
0.293 8.51253
0.2935 8.41041
0.294 8.64064
0.2945 8.36838
0.295 8.76077
0.2955 8.54856
0.296 8.50451
0.2965 8.57057
0.297 8.63064
0.2975 8.27829
0.298 8.32634
0.2985 8.36036
0.299 8.31433
0.2995 8.14816
0.3 8.56658
0.3005 8.08008
0.301 8.10211
0.3015 8.51852
0.302 7.84585
0.3025 7.90793
0.303 8.16417
0.3035 8.40442
0.304 7.8799
0.3045 8.21622
0.305 7.57558
0.3055 7.80181
0.306 7.91993
0.3065 8.15216
0.307 7.79981
0.3075 7.8859
0.308 7.82183
0.3085 7.87388
0.309 7.45947
0.3095 7.15316
0.31 7.57959
0.3105 7.90793
0.311 7.62763
0.3115 7.45146
0.312 7.2933
0.3125 7.26727
0.313 7.42343
0.3135 7.35537
0.314 7.60963
0.3145 7.23724
0.315 7.16517
0.3155 7.32133
0.316 7.03305
0.3165 7.43745
0.317 7.16317
0.3175 7.20121
0.318 7.09109
0.3185 7.00501
0.319 7.00701
0.3195 6.96298
0.32 7.06307
0.3205 6.98498
0.321 6.92292
0.3215 6.95498
0.322 6.97699
0.3225 6.7968
0.323 6.61664
0.3235 6.77277
0.324 6.93694
0.3245 6.81882
0.325 6.63264
0.3255 6.4985
0.326 6.53453
0.3265 6.54656
0.327 6.34236
0.3275 6.61461
0.328 6.80081
0.3285 6.37838
0.329 6.56458
0.3295 6.56457
0.33 6.28029
0.3305 6.37038
0.331 6.55457
0.3315 6.46046
0.332 6.11011
0.3325 6.15816
0.333 6.43244
0.3335 6.22223
0.334 6.41642
0.3345 6.48449
0.335 6.3003
0.3355 6.41042
0.336 6.19621
0.3365 6.0921
0.337 6.18019
0.3375 6.03405
0.338 6.1982
0.3385 5.65566
0.339 6.16417
0.3395 6.06407
0.34 6.15816
0.3405 5.6997
0.341 5.87188
0.3415 6.08609
0.342 6.01402
0.3425 5.92393
0.343 5.73174
0.3435 5.81181
0.344 5.6917
0.3445 5.93595
0.345 5.89791
0.3455 5.93995
0.346 5.55356
0.3465 5.61362
0.347 5.5916
0.3475 5.75376
0.348 5.41943
0.3485 5.95196
0.349 5.5976
0.3495 5.74576
0.35 5.45946
0.3505 5.40741
0.351 5.7878
0.3515 5.66166
0.352 5.6837
0.3525 5.50351
0.353 5.42142
0.3535 5.47948
0.354 5.48349
0.3545 5.34736
0.355 5.52353
0.3555 5.14515
0.356 5.25927
0.3565 5.38539
0.357 5.25526
0.3575 5.25927
0.358 5.08709
0.3585 5.16917
0.359 5.23324
0.3595 5.12914
0.36 5.35736
0.3605 5.25726
0.361 5.20121
0.3615 5.2913
0.362 4.97298
0.3625 5.0931
0.363 5.44345
0.3635 5.12113
0.364 5.1992
0.3645 5.30932
0.365 4.82082
0.3655 5.03104
0.366 4.73674
0.3665 5.04707
0.367 4.96497
0.3675 4.95697
0.368 5.02303
0.3685 4.77277
0.369 4.75676
0.3695 4.86687
0.37 4.71471
0.3705 4.76677
0.371 4.93093
0.3715 4.7768
0.372 4.98899
0.3725 4.85886
0.373 4.6967
0.3735 4.74074
0.374 4.90891
0.3745 4.69469
0.375 4.64265
0.3755 4.88689
0.376 4.62062
0.3765 4.73874
0.377 4.51251
0.3775 4.40641
0.378 4.63664
0.3785 4.47449
0.379 4.94295
0.3795 4.4925
0.38 4.69069
0.3805 4.60461
0.381 4.6026
0.3815 4.51252
0.382 4.57058
0.3825 4.31632
0.383 4.55656
0.3835 4.44045
0.384 4.50251
0.3845 4.37439
0.385 4.5946
0.3855 4.4024
0.386 4.42643
0.3865 4.35035
0.387 4.46247
0.3875 4.31632
0.388 4.46247
0.3885 4.18018
0.389 4.2963
0.3895 4.27228
0.39 4.1922
0.3905 4.00601
0.391 4.36236
0.3915 4.18819
0.392 4.20621
0.3925 4.32634
0.393 4.33634
0.3935 3.98198
0.394 4.36437
0.3945 4.17418
0.395 4.14215
0.3955 4.20421
0.396 4.19821
0.3965 3.99399
0.397 4.03003
0.3975 4.11612
0.398 4.14215
0.3985 4.03203
0.399 4.02803
0.3995 4
0.4 3.90991
0.4005 4.04606
0.401 3.97197
0.4015 4.08809
0.402 3.992
0.4025 3.83384
0.403 3.87188
0.4035 3.94795
0.404 4.0861
0.4045 3.94996
0.405 3.94795
0.4055 4.02202
0.406 3.88589
0.4065 3.85587
0.407 3.75576
0.4075 3.83184
0.408 3.75376
0.4085 3.90191
0.409 3.82583
0.4095 3.86787
0.41 3.72373
0.4105 3.61161
0.411 3.6957
0.4115 3.68969
0.412 3.87788
0.4125 3.64565
0.413 3.61162
0.4135 3.75376
0.414 3.71772
0.4145 3.66967
0.415 3.57758
0.4155 3.8999
0.416 3.67568
0.4165 3.6937
0.417 3.40741
0.4175 3.55356
0.418 3.57358
0.4185 3.61963
0.419 3.60961
0.4195 3.4955
0.42 3.31332
0.4205 3.50551
0.421 3.54955
0.4215 3.5996
0.422 3.63564
0.4225 3.57558
0.423 3.57759
0.4235 3.46146
0.424 3.29931
0.4245 3.55356
0.425 3.47548
0.4255 3.42743
0.426 3.46347
0.4265 3.46947
0.427 3.42342
0.4275 3.33333
0.428 3.36337
0.4285 3.3934
0.429 3.31132
0.4295 3.25526
0.43 3.54555
0.4305 3.17318
0.431 3.53354
0.4315 3.24525
0.432 3.25526
0.4325 3.43344
0.433 3.32133
0.4335 3.44946
0.434 3.39541
0.4345 3.18119
0.435 3.25125
0.4355 3.33134
0.436 3.43944
0.4365 3.2012
0.437 3.40742
0.4375 3.21722
0.438 3.0971
0.4385 3.23724
0.439 3.2012
0.4395 3.17317
0.44 3.34335
0.4405 2.98099
0.441 3.12913
0.4415 2.97299
0.442 3.17518
0.4425 2.98899
0.443 3.14515
0.4435 2.88289
0.444 3.22924
0.4445 3.00702
0.445 3.25526
0.4455 3.21922
0.446 3.20321
0.4465 3.01302
0.447 3.16517
0.4475 3.03904
0.448 3.08109
0.4485 3.17518
0.449 2.97498
0.4495 3.05306
0.45 2.89289
0.4505 2.94895
0.451 2.88689
0.4515 2.9049
0.452 2.94695
0.4525 2.81281
0.453 2.98699
0.4535 3.01502
0.454 2.8949
0.4545 2.88088
0.455 2.94295
0.4555 3.12312
0.456 2.96096
0.4565 2.95295
0.457 2.90491
0.4575 2.88689
0.458 2.74475
0.4585 2.92693
0.459 2.73674
0.4595 2.83083
0.46 2.73274
0.4605 2.9009
0.461 3.04304
0.4615 2.84485
0.462 2.93694
0.4625 2.82082
0.463 2.91291
0.4635 2.68869
0.464 2.81682
0.4645 2.78479
0.465 2.93093
0.4655 2.76677
0.466 2.71472
0.4665 2.87688
0.467 2.90691
0.4675 2.76477
0.468 2.77878
0.4685 2.82483
0.469 2.67067
0.4695 2.88889
0.47 2.73874
0.4705 2.74875
0.471 2.73674
0.4715 2.62463
0.472 2.58058
0.4725 2.4985
0.473 2.73474
0.4735 2.76877
0.474 2.7007
0.4745 2.69069
0.475 2.48049
0.4755 2.67267
0.476 2.63063
0.4765 2.43243
0.477 2.67668
0.4775 2.71672
0.478 2.5966
0.4785 2.58258
0.479 2.42243
0.4795 2.62262
0.48 2.41242
0.4805 2.42843
0.481 2.51852
0.4815 2.69269
0.482 2.56657
0.4825 2.40241
0.483 2.52653
0.4835 2.40841
0.484 2.61262
0.4845 2.56057
0.485 2.65866
0.4855 2.42643
0.486 2.55255
0.4865 2.37037
0.487 2.37638
0.4875 2.49049
0.488 2.57057
0.4885 2.34435
0.489 2.46246
0.4895 2.41842
0.49 2.49249
0.4905 2.4965
0.491 2.42843
0.4915 2.3984
0.492 2.48048
0.4925 2.38038
0.493 2.49249
0.4935 2.46647
0.494 2.45045
0.4945 2.34635
0.495 2.43844
0.4955 2.27628
0.496 2.43243
0.4965 2.50651
0.497 2.37838
0.4975 2.47648
0.498 2.37838
0.4985 2.36036
0.499 2.21822
0.4995 2.28829
0.5 4.67467
0.5005 0
0.501 4.67267
0.5015 0.002002
0.502 4.5946
0.5025 0
0.503 4.6006
0.5035 0.002002
0.504 4.4945
0.5045 0.00800801
0.505 4.48649
0.5055 0
0.506 4.57458
0.5065 0.002002
0.507 4.41041
0.5075 0
0.508 4.76276
0.5085 0.002002
0.509 4.31832
0.5095 0.012012
0.51 4.32032
0.5105 0.004004
0.511 4.38639
0.5115 0
0.512 2.32232
0.5125 2.25025
0.513 2.16617
0.5135 2.07608
0.514 2.15616
0.5145 2.06807
0.515 2.18218
0.5155 2.26427
0.516 2.13414
0.5165 1.996
0.517 2.08609
0.5175 2.04605
0.518 2.14214
0.5185 2.26828
0.519 2.12413
0.5195 2.29229
0.52 2.17618
0.5205 2.02603
0.521 2.11012
0.5215 2.04004
0.522 2.07408
0.5225 2.19019
0.523 2.04405
0.5235 1.998
0.524 2.04805
0.5245 2.02603
0.525 2.20821
0.5255 2.16016
0.526 2.01602
0.5265 1.98399
0.527 2
0.5275 2.15416
0.528 2.1021
0.5285 2.03203
0.529 1.86988
0.5295 1.98398
0.53 2.10611
0.5305 2.08009
0.531 2.12413
0.5315 1.93193
0.532 1.93194
0.5325 1.8959
0.533 1.95796
0.5335 1.91191
0.534 1.83985
0.5345 1.94595
0.535 2.02604
0.5355 1.87988
0.536 1.98599
0.5365 2.04204
0.537 2.00801
0.5375 1.93394
0.538 1.95396
0.5385 1.95796
0.539 1.96196
0.5395 1.88388
0.54 1.82783
0.5405 1.94795
0.541 1.8979
0.5415 2.00401
0.542 1.93994
0.5425 1.94795
0.543 1.8038
0.5435 1.9019
0.544 1.998
0.5445 1.8999
0.545 1.98999
0.5455 1.88388
0.546 1.93594
0.5465 1.88989
0.547 1.86787
0.5475 1.88388
0.548 1.89991
0.5485 1.8899
0.549 1.92192
0.5495 1.7958
0.55 1.88589
0.5505 1.82783
0.551 1.74775
0.5515 1.92393
0.552 1.86186
0.5525 1.85787
0.553 1.72372
0.5535 1.74175
0.554 1.91392
0.5545 1.8979
0.555 1.78579
0.5555 1.84585
0.556 1.82983
0.5565 1.78979
0.557 1.8999
0.5575 1.75776
0.558 1.73974
0.5585 1.84384
0.559 1.87388
0.5595 1.78779
0.56 1.86386
0.5605 1.65766
0.561 1.77778
0.5615 1.8959
0.562 1.71572
0.5625 1.65766
0.563 1.82583
0.5635 1.76777
0.564 1.74975
0.5645 1.82183
0.565 1.82983
0.5655 1.7958
0.566 1.63364
0.5665 1.84384
0.567 1.66366
0.5675 1.74375
0.568 1.72373
0.5685 1.76376
0.569 1.80381
0.5695 1.68569
0.57 1.67368
0.5705 1.70171
0.571 1.67768
0.5715 1.64965
0.572 1.60961
0.5725 1.66967
0.573 1.75576
0.5735 1.67167
0.574 1.68169
0.5745 1.57758
0.575 1.65165
0.5755 1.72173
0.576 1.62963
0.5765 1.66967
0.577 1.67968
0.5775 1.57758
0.578 1.64965
0.5785 1.72573
0.579 1.71572
0.5795 1.64965
0.58 1.68569
0.5805 1.62363
0.581 1.85185
0.5815 1.63964
0.582 1.54155
0.5825 1.67969
0.583 1.53554
0.5835 1.64565
0.584 1.65766
0.5845 1.6957
0.585 1.5976
0.5855 1.66567
0.586 1.60161
0.5865 1.62563
0.587 1.56957
0.5875 1.61762
0.588 1.58559
0.5885 1.48749
0.589 1.51151
0.5895 1.54154
0.59 1.64565
0.5905 1.66967
0.591 1.48549
0.5915 1.73173
0.592 1.55556
0.5925 1.56356
0.593 1.56357
0.5935 1.61361
0.594 1.55355
0.5945 1.68368
0.595 1.64965
0.5955 1.39941
0.596 1.48348
0.5965 1.53353
0.597 1.54755
0.5975 1.59159
0.598 1.46947
0.5985 1.41342
0.599 1.61762
0.5995 1.60561
0.6 1.51352
0.6005 1.58359
0.601 1.5015
0.6015 1.66366
0.602 1.55956
0.6025 1.5015
0.603 1.42944
0.6035 1.43544
0.604 1.46747
0.6045 1.42543
0.605 1.4935
0.6055 1.45346
0.606 1.57558
0.6065 1.51351
0.607 1.43944
0.6075 1.57958
0.608 1.48549
0.6085 1.44545
0.609 1.47948
0.6095 1.3954
0.61 1.40741
0.6105 1.44745
0.611 1.37938
0.6115 1.47748
0.612 1.38939
0.6125 1.41141
0.613 1.35536
0.6135 1.47748
0.614 1.53754
0.6145 1.52152
0.615 1.50151
0.6155 1.45346
0.616 1.39141
0.6165 1.44945
0.617 1.44345
0.6175 1.40541
0.618 1.32332
0.6185 1.46947
0.619 1.37138
0.6195 1.39339
0.62 1.41342
0.6205 1.38539
0.621 1.47348
0.6215 1.34335
0.622 1.29329
0.6225 1.34935
0.623 1.3954
0.6235 1.32132
0.624 1.35736
0.6245 1.42342
0.625 1.38138
0.6255 1.55556
0.626 1.46146
0.6265 1.35336
0.627 1.30731
0.6275 1.47348
0.628 1.3994
0.6285 1.28328
0.629 1.39741
0.6295 1.2973
0.63 1.35936
0.6305 1.37938
0.631 1.26727
0.6315 1.34535
0.632 1.31732
0.6325 1.35936
0.633 1.34735
0.6335 1.2953
0.634 1.34335
0.6345 1.44145
0.635 1.33534
0.6355 1.43944
0.636 1.33934
0.6365 1.31332
0.637 1.37337
0.6375 1.34134
0.638 1.28329
0.6385 1.34134
0.639 1.34935
0.6395 1.29129
0.64 1.17718
0.6405 1.35135
0.641 1.3033
0.6415 1.28529
0.642 1.25326
0.6425 1.37338
0.643 1.22923
0.6435 1.38939
0.644 1.19119
0.6445 1.23524
0.645 1.42142
0.6455 1.20521
0.646 1.42142
0.6465 1.26727
0.647 1.35135
0.6475 1.24125
0.648 1.30731
0.6485 1.1972
0.649 1.26927
0.6495 1.24525
0.65 1.24525
0.6505 1.22723
0.651 1.2012
0.6515 1.42343
0.652 1.29329
0.6525 1.2993
0.653 1.36537
0.6535 1.23123
0.654 1.34935
0.6545 1.28128
0.655 1.37738
0.6555 1.36737
0.656 1.16517
0.6565 1.25326
0.657 1.18519
0.6575 1.27528
0.658 1.21321
0.6585 1.16917
0.659 1.28128
0.6595 1.1952
0.66 1.34735
0.6605 1.15716
0.661 1.17918
0.6615 1.22923
0.662 1.14515
0.6625 1.22923
0.663 1.10511
0.6635 1.2012
0.664 1.30731
0.6645 1.24325
0.665 1.23123
0.6655 1.21522
0.666 1.18118
0.6665 1.15316
0.667 1.23724
0.6675 1.24925
0.668 1.19119
0.6685 1.18519
0.669 1.18919
0.6695 1.06507
0.67 1.13914
0.6705 1.1972
0.671 1.1992
0.6715 1.13914
0.672 1.16917
0.6725 1.18118
0.673 1.16316
0.6735 1.11712
0.674 1.14515
0.6745 1.06707
0.675 1.16917
0.6755 1.1992
0.676 1.23123
0.6765 1.14314
0.677 1.18119
0.6775 1.17318
0.678 1.15316
0.6785 1.17318
0.679 1.13914
0.6795 1.1011
0.68 1.20721
0.6805 1.08509
0.681 1.15516
0.6815 1.14915
0.682 1.06507
0.6825 1.0951
0.683 1.13714
0.6835 1.10511
0.684 1.0951
0.6845 1.12312
0.685 1.18919
0.6855 1.10511
0.686 1.13914
0.6865 1.14314
0.687 1.21322
0.6875 1.16717
0.688 1.01902
0.6885 1.17718
0.689 1.13514
0.6895 1.11912
0.69 1.11912
0.6905 1.01703
0.691 1.04705
0.6915 1.15315
0.692 1.05706
0.6925 1.15115
0.693 1.09109
0.6935 1.08309
0.694 1.1031
0.6945 1.12513
0.695 1.15916
0.6955 1.12312
0.696 1.03904
0.6965 1.13313
0.697 1.13914
0.6975 1.11311
0.698 1.07708
0.6985 1.12513
0.699 1.01101
0.6995 1.05305
0.7 1.03103
0.7005 1.02302
0.701 1.03504
0.7015 1.03103
0.702 1.0971
0.7025 1.03704
0.703 1.13914
0.7035 1.10911
0.704 1.001
0.7045 0.984991
0.705 1.01502
0.7055 1.07508
0.706 1.001
0.7065 1.1031
0.707 1.11311
0.7075 1.06507
0.708 1.05306
0.7085 1.11913
0.709 1.04505
0.7095 1.07307
0.71 0.996997
0.7105 0.984985
0.711 1.04305
0.7115 1.08308
0.712 1.07708
0.7125 1.10711
0.713 1.05906
0.7135 0.994995
0.714 1.05506
0.7145 1.05706
0.715 1.02302
0.7155 0.990991
0.716 1.01702
0.7165 0.890891
0.717 1.01302
0.7175 0.870871
0.718 1.00901
0.7185 1.02703
0.719 1.05506
0.7195 1.02503
0.72 0.994995
0.7205 0.976977
0.721 0.954955
0.7215 1.02703
0.722 0.940941
0.7225 0.936937
0.723 1.07508
0.7235 1.05906
0.724 0.934935
0.7245 1.08108
0.725 0.890891
0.7255 0.950951
0.726 0.958959
0.7265 1.01902
0.727 1.02903
0.7275 0.986987
0.728 1.003
0.7285 1.06306
0.729 1.03103
0.7295 0.934937
0.73 1.03103
0.7305 0.928931
0.731 0.958959
0.7315 0.964965
0.732 1.03904
0.7325 0.950951
0.733 1.03103
0.7335 0.996997
0.734 0.928929
0.7345 0.972973
0.735 1.01101
0.7355 0.864865
0.736 1.05906
0.7365 0.884885
0.737 0.910911
0.7375 0.922923
0.738 0.884885
0.7385 0.948949
0.739 0.918919
0.7395 1.03103
0.74 0.940941
0.7405 0.926927
0.741 0.900901
0.7415 0.956957
0.742 0.890891
0.7425 0.978979
0.743 1.01702
0.7435 0.934935
0.744 0.844847
0.7445 0.940941
0.745 0.944945
0.7455 0.890891
0.746 0.862863
0.7465 0.968971
0.747 1.02102
0.7475 0.920923
0.748 0.918921
0.7485 0.886887
0.749 0.890897
0.7495 0.916919
0.75 0.938941
0.7505 0.966967
0.751 0.938939
0.7515 0.966967
0.752 0.926929
0.7525 0.888891
0.753 0.840841
0.7535 0.916917
0.754 0.880887
0.7545 0.872873
0.755 0.882883
0.7555 0.970971
0.756 0.924925
0.7565 0.814817
0.757 0.820821
0.7575 0.970971
0.758 0.994995
0.7585 0.950951
0.759 0.870873
0.7595 0.872873
0.76 0.872873
0.7605 0.792793
0.761 0.892893
0.7615 0.844845
0.762 0.964969
0.7625 0.914915
0.763 0.826827
0.7635 0.820823
0.764 0.802803
0.7645 0.822825
0.765 0.826827
0.7655 0.912913
0.766 0.842843
0.7665 0.896899
0.767 0.868869
0.7675 0.934935
0.768 0.918919
0.7685 0.868871
0.769 0.804807
0.7695 0.890891
0.77 0.930935
0.7705 0.886887
0.771 0.922923
0.7715 0.798799
0.772 0.844845
0.7725 0.788789
0.773 0.912913
0.7735 0.884885
0.774 0.856859
0.7745 0.862863
0.775 0.868871
0.7755 0.890891
0.776 0.868869
0.7765 0.800801
0.777 0.926927
0.7775 0.866867
0.778 0.930931
0.7785 0.862865
0.779 0.790791
0.7795 0.844845
0.78 0.772773
0.7805 0.904905
0.781 0.844845
0.7815 0.772777
0.782 0.726727
0.7825 0.854855
0.783 0.794797
0.7835 0.772773
0.784 0.770771
0.7845 0.756757
0.785 0.858861
0.7855 0.844847
0.786 0.880881
0.7865 0.764765
0.787 0.908911
0.7875 0.848851
0.788 0.824825
0.7885 0.856857
0.789 0.840841
0.7895 0.846849
0.79 0.772773
0.7905 0.864865
0.791 0.806807
0.7915 0.822823
0.792 0.862863
0.7925 0.870875
0.793 0.790791
0.7935 0.774777
0.794 0.786787
0.7945 0.806807
0.795 0.834835
0.7955 0.748749
0.796 0.760761
0.7965 0.768769
0.797 0.778781
0.7975 0.738743
0.798 0.784787
0.7985 0.878879
0.799 0.834835
0.7995 0.912915
0.8 0.794795
0.8005 0.788789
0.801 0.786789
0.8015 0.844845
0.802 0.796799
0.8025 0.766767
0.803 0.740741
0.8035 0.742743
0.804 0.772773
0.8045 0.788791
0.805 0.714715
0.8055 0.878879
0.806 0.826827
0.8065 0.790795
0.807 0.734735
0.8075 0.802805
0.808 0.698699
0.8085 0.774775
0.809 0.788789
0.8095 0.710711
0.81 0.766771
0.8105 0.800801
0.811 0.814817
0.8115 0.744745
0.812 0.782783
0.8125 0.772773
0.813 0.728729
0.8135 0.716717
0.814 0.780783
0.8145 0.698699
0.815 0.720723
0.8155 0.756761
0.816 0.772773
0.8165 0.786787
0.817 0.738739
0.8175 0.718719
0.818 0.754755
0.8185 0.726727
0.819 0.810811
0.8195 0.752753
0.82 0.804805
0.8205 0.904905
0.821 0.672675
0.8215 0.670673
0.822 0.784785
0.8225 0.770771
0.823 0.724725
0.8235 0.750751
0.824 0.752753
0.8245 0.724725
0.825 0.776777
0.8255 0.706707
0.826 0.766767
0.8265 0.720723
0.827 0.718721
0.8275 0.796797
0.828 0.776781
0.8285 0.764765
0.829 0.696697
0.8295 0.706707
0.83 0.702703
0.8305 0.692693
0.831 0.764767
0.8315 0.726727
0.832 0.728737
0.8325 0.780781
0.833 0.652653
0.8335 0.804805
0.834 0.694695
0.8345 0.712715
0.835 0.756759
0.8355 0.784785
0.836 0.686687
0.8365 0.800807
0.837 0.702709
0.8375 0.692693
0.838 0.690691
0.8385 0.622623
0.839 0.714715
0.8395 0.726727
0.84 0.684685
0.8405 0.748749
0.841 0.710711
0.8415 0.712713
0.842 0.680685
0.8425 0.668669
0.843 0.726727
0.8435 0.636637
0.844 0.702703
0.8445 0.662663
0.845 0.636637
0.8455 0.700701
0.846 0.624627
0.8465 0.726731
0.847 0.744745
0.8475 0.728729
0.848 0.712713
0.8485 0.726729
0.849 0.648649
0.8495 0.686687
0.85 0.668669
0.8505 0.706709
0.851 0.602603
0.8515 0.680681
0.852 0.672675
0.8525 0.600601
0.853 0.672673
0.8535 0.690695
0.854 0.714715
0.8545 0.696697
0.855 0.682683
0.8555 0.674675
0.856 0.684685
0.8565 0.676677
0.857 0.686689
0.8575 0.706707
0.858 0.740741
0.8585 0.588589
0.859 0.688689
0.8595 0.652653
0.86 0.640641
0.8605 0.634635
0.861 0.638641
0.8615 0.704705
0.862 0.670671
0.8625 0.586593
0.863 0.648649
0.8635 0.772773
0.864 0.650653
0.8645 0.628629
0.865 0.630631
0.8655 0.748751
0.866 0.680683
0.8665 0.650651
0.867 0.650651
0.8675 0.646647
0.868 0.658659
0.8685 0.624625
0.869 0.690693
0.8695 0.626627
0.87 0.654655
0.8705 0.674679
0.871 0.654657
0.8715 0.682683
0.872 0.698699
0.8725 0.626627
0.873 0.682683
0.8735 0.674675
0.874 0.710711
0.8745 0.724725
0.875 0.610611
0.8755 0.622623
0.876 0.614619
0.8765 0.622623
0.877 0.618619
0.8775 0.634637
0.878 0.734735
0.8785 0.700703
0.879 0.646647
0.8795 0.556557
0.88 0.666671
0.8805 0.662671
0.881 0.682683
0.8815 0.610611
0.882 0.604605
0.8825 0.596597
0.883 0.714715
0.8835 0.660661
0.884 0.636641
0.8845 0.618619
0.885 0.700701
0.8855 0.676677
0.886 0.662665
0.8865 0.634635
0.887 0.518519
0.8875 0.714715
0.888 0.618619
0.8885 0.602605
0.889 0.580581
0.8895 0.616617
0.89 0.632633
0.8905 0.582583
0.891 0.510513
0.8915 0.630631
0.892 0.582583
0.8925 0.610611
0.893 0.616619
0.8935 0.612613
0.894 0.570571
0.8945 0.692693
0.895 0.680681
0.8955 0.596599
0.896 0.630631
0.8965 0.606607
0.897 0.542543
0.8975 0.578581
0.898 0.578579
0.8985 0.690691
0.899 0.562563
0.8995 0.614615
0.9 0.590591
0.9005 0.568573
0.901 0.634635
0.9015 0.550551
0.902 0.606607
0.9025 0.586589
0.903 0.562563
0.9035 0.594595
0.904 0.610611
0.9045 0.610611
0.905 0.590591
0.9055 0.616617
0.906 0.550551
0.9065 0.572573
0.907 0.556557
0.9075 0.590591
0.908 0.656657
0.9085 0.604605
0.909 0.650651
0.9095 0.604605
0.91 0.664665
0.9105 0.578579
0.911 0.644647
0.9115 0.558561
0.912 0.630631
0.9125 0.598599
0.913 0.662671
0.9135 0.586587
0.914 0.588589
0.9145 0.532533
0.915 0.562565
0.9155 0.516517
0.916 0.630631
0.9165 0.672675
0.917 0.560565
0.9175 0.628631
0.918 0.590591
0.9185 0.500505
0.919 0.586587
0.9195 0.560561
0.92 0.586587
0.9205 0.606607
0.921 0.626627
0.9215 0.542543
0.922 0.634637
0.9225 0.526527
0.923 0.620621
0.9235 0.518519
0.924 0.530531
0.9245 0.650651
0.925 0.630631
0.9255 0.552553
0.926 0.542543
0.9265 0.550551
0.927 0.674675
0.9275 0.576577
0.928 0.550551
0.9285 0.654655
0.929 0.526527
0.9295 0.582583
0.93 0.528529
0.9305 0.644647
0.931 0.566567
0.9315 0.574575
0.932 0.572573
0.9325 0.508509
0.933 0.546549
0.9335 0.632633
0.934 0.602603
0.9345 0.572575
0.935 0.532535
0.9355 0.538539
0.936 0.592593
0.9365 0.578579
0.937 0.560563
0.9375 0.544545
0.938 0.492494
0.9385 0.532535
0.939 0.550553
0.9395 0.566567
0.94 0.508509
0.9405 0.47047
0.941 0.558561
0.9415 0.512513
0.942 0.532533
0.9425 0.552553
0.943 0.520521
0.9435 0.494494
0.944 0.520523
0.9445 0.618619
0.945 0.492492
0.9455 0.566567
0.946 0.560561
0.9465 0.550553
0.947 0.49049
0.9475 0.562563
0.948 0.572573
0.9485 0.620621
0.949 0.538539
0.9495 0.528529
0.95 0.512515
0.9505 0.510511
0.951 0.596597
0.9515 0.518523
0.952 0.530531
0.9525 0.554555
0.953 0.534537
0.9535 0.562563
0.954 0.570571
0.9545 0.552559
0.955 0.542543
0.9555 0.488488
0.956 0.596599
0.9565 0.584585
0.957 0.586587
0.9575 0.516517
0.958 0.516517
0.9585 0.514515
0.959 0.534537
0.9595 0.552553
0.96 0.510511
0.9605 0.552555
0.961 0.536537
0.9615 0.588591
0.962 0.496496
0.9625 0.516519
0.963 0.540543
0.9635 0.526527
0.964 0.530531
0.9645 0.488488
0.965 0.544545
0.9655 0.454454
0.966 0.518519
0.9665 0.560563
0.967 0.574575
0.9675 0.486488
0.968 0.486488
0.9685 0.514517
0.969 0.554555
0.9695 0.504507
0.97 0.510511
0.9705 0.588589
0.971 0.530531
0.9715 0.536537
0.972 0.454454
0.9725 0.564565
0.973 0.478478
0.9735 0.502503
0.974 0.488488
0.9745 0.490492
0.975 0.490495
0.9755 0.512513
0.976 0.494494
0.9765 0.592593
0.977 0.48849
0.9775 0.44044
0.978 0.518519
0.9785 0.514515
0.979 0.532533
0.9795 0.618619
0.98 0.538539
0.9805 0.564565
0.981 0.522523
0.9815 0.510511
0.982 0.546551
0.9825 0.540541
0.983 0.544551
0.9835 0.484484
0.984 0.552553
0.9845 0.506507
0.985 0.472472
0.9855 0.582583
0.986 0.504505
0.9865 0.514515
0.987 0.466468
0.9875 0.444446
0.988 0.514515
0.9885 0.630631
0.989 0.542543
0.9895 0.520523
0.99 0.45045
0.9905 0.486486
0.991 0.45045
0.9915 0.456456
0.992 0.44044
0.9925 0.488488
0.993 0.500501
0.9935 0.542545
0.994 0.510511
0.9945 0.464464
0.995 0.49049
0.9955 0.510511
0.996 0.47648
0.9965 0.540543
0.997 0.488488
0.9975 0.45045
0.998 0.442442
0.9985 0.494494
0.999 0.41041
0.9995 2005.39
1.0 0
