0.0 96.347
0.0005 88103.7
0.001 36525.7
0.0015 25264.2
0.002 18455.8
0.0025 14422.3
0.003 11787
0.0035 9908.71
0.004 8508.15
0.0045 7424.37
0.005 6545.12
0.0055 5845.4
0.006 5265.12
0.0065 4769.96
0.007 4343.62
0.0075 3989.27
0.008 3672.97
0.0085 3397.4
0.009 3157.63
0.0095 2937.94
0.01 2742.12
0.0105 2569.96
0.011 2409.48
0.0115 2264.38
0.012 2135.45
0.0125 2022.95
0.013 1910.44
0.0135 1811.7
0.014 1715.87
0.0145 1631.78
0.015 1554.33
0.0155 1483.6
0.016 1412.25
0.0165 1348.9
0.017 1290.34
0.0175 1235.15
0.018 1182.95
0.0185 1133.03
0.019 1088.6
0.0195 1044.12
0.02 1007.71
0.0205 964.025
0.021 927.84
0.0215 894.386
0.022 861.246
0.0225 830.131
0.023 801.994
0.0235 774.769
0.024 747.614
0.0245 720.207
0.025 698.555
0.0255 673.615
0.026 656.493
0.0265 633.395
0.027 611.782
0.0275 593.642
0.028 578.061
0.0285 558.384
0.029 542.233
0.0295 526.371
0.03 511.608
0.0305 496.897
0.031 481.67
0.0315 469.987
0.032 458.024
0.0325 444.351
0.033 431.161
0.0335 419.925
0.034 408.919
0.0345 397.46
0.035 387.718
0.0355 377.54
0.036 369.928
0.0365 360.527
0.037 349.752
0.0375 342.711
0.038 333.204
0.0385 326.454
0.039 317.507
0.0395 311.96
0.04 303.173
0.0405 297.133
0.041 289.215
0.0415 282.741
0.042 275.621
0.0425 270.444
0.043 264.425
0.0435 257.173
0.044 252.87
0.0445 247.383
0.045 241.108
0.0455 235.922
0.046 232.51
0.0465 226.203
0.047 220.985
0.0475 217.633
0.048 214.423
0.0485 209.974
0.049 204.401
0.0495 202.396
0.05 197.015
0.0505 194.241
0.051 189.783
0.0515 186.494
0.052 180.89
0.0525 178.764
0.053 175.595
0.0535 172.646
0.054 169.392
0.0545 166.502
0.055 163.135
0.0555 159.709
0.056 157.286
0.0565 155.061
0.057 151.367
0.0575 149.531
0.058 145.905
0.0585 144.824
0.059 141.688
0.0595 137.943
0.06 136.075
0.0605 135.303
0.061 132.497
0.0615 128.459
0.062 127.573
0.0625 126.089
0.063 123.456
0.0635 121.902
0.064 118.472
0.0645 118.248
0.065 116.204
0.0655 114.963
0.066 113.333
0.0665 111.113
0.067 108.691
0.0675 107.514
0.068 104.899
0.0685 103.812
0.069 103.387
0.0695 100.773
0.07 100.453
0.0705 98.4366
0.071 96.3046
0.0715 96.0621
0.072 93.7683
0.0725 93.2168
0.073 92.0084
0.0735 89.773
0.074 89.3493
0.0745 87.2905
0.075 85.2569
0.0755 85.2617
0.076 83.6401
0.0765 81.4672
0.077 81.9741
0.0775 80.303
0.078 79.4985
0.0785 77.7601
0.079 78.3129
0.0795 75.7483
0.08 75.663
0.0805 74.5674
0.081 73.2957
0.0815 72.5856
0.082 71.7484
0.0825 70.56
0.083 70.3826
0.0835 68.7707
0.084 68.4232
0.0845 67.5902
0.085 66.3146
0.0855 65.6697
0.086 65.3047
0.0865 63.5557
0.087 63.4428
0.0875 62.0434
0.088 61.5565
0.0885 60.4082
0.089 60.0438
0.0895 58.7684
0.09 59.1338
0.0905 57.8296
0.091 57.2579
0.0915 56.3056
0.092 56.3552
0.0925 55.8898
0.093 55.1775
0.0935 53.0163
0.094 53.3715
0.0945 53.6993
0.095 52.7643
0.0955 52.0349
0.096 51.1741
0.0965 50.5799
0.097 50.3624
0.0975 49.302
0.098 49.6941
0.0985 48.8247
0.099 47.8619
0.0995 47.28
0.1 47.0769
0.1005 46.8014
0.101 45.6908
0.1015 45.2721
0.102 45.299
0.1025 44.0534
0.103 43.9667
0.1035 43.1837
0.104 43.69
0.1045 42.5079
0.105 42.2615
0.1055 42.1722
0.106 41.1503
0.1065 40.3439
0.107 40.7891
0.1075 40.2482
0.108 40.138
0.1085 39.286
0.109 39.3433
0.1095 39.4662
0.11 38.7503
0.1105 38.2068
0.111 37.5763
0.1115 37.767
0.112 37.244
0.1125 37.2343
0.113 35.7411
0.1135 36.2651
0.114 35.8125
0.1145 35.6732
0.115 35.3518
0.1155 34.057
0.116 34.255
0.1165 33.9646
0.117 33.3501
0.1175 33.7589
0.118 33.1099
0.1185 32.7522
0.119 32.9444
0.1195 32.3167
0.12 32.0843
0.1205 31.8143
0.121 31.0953
0.1215 30.9965
0.122 31.0582
0.1225 30.3362
0.123 30.544
0.1235 30.043
0.124 29.6619
0.1245 29.6531
0.125 28.8955
0.1255 28.7065
0.126 28.839
0.1265 28.8987
0.127 28.1227
0.1275 27.7687
0.128 27.7335
0.1285 28.1632
0.129 27.5383
0.1295 27.519
0.13 27.2246
0.1305 26.7927
0.131 26.767
0.1315 26.1956
0.132 25.5522
0.1325 25.5442
0.133 25.7972
0.1335 25.8576
0.134 25.7307
0.1345 25.1152
0.135 24.7511
0.1355 24.5083
0.136 24.361
0.1365 24.5692
0.137 24.5471
0.1375 24.0703
0.138 24.0207
0.1385 23.2619
0.139 23.8789
0.1395 23.7279
0.14 23.0126
0.1405 23.0714
0.141 22.7234
0.1415 22.4619
0.142 22.2908
0.1425 21.8733
0.143 22.2536
0.1435 22.0258
0.144 22.0111
0.1445 22.0382
0.145 21.6682
0.1455 21.1638
0.146 21.3255
0.1465 21.3896
0.147 20.9601
0.1475 20.6542
0.148 20.7593
0.1485 20.2656
0.149 20.503
0.1495 20.3124
0.15 19.9402
0.1505 20.0461
0.151 19.5941
0.1515 19.5934
0.152 19.5734
0.1525 19.4753
0.153 19.4924
0.1535 18.8414
0.154 19.0612
0.1545 18.881
0.155 18.548
0.1555 18.4426
0.156 18.2761
0.1565 18.7185
0.157 18.4863
0.1575 17.7895
0.158 17.8079
0.1585 17.6234
0.159 17.4043
0.1595 18.0507
0.16 17.8199
0.1605 17.6059
0.161 17.0865
0.1615 16.644
0.162 17.2818
0.1625 16.6359
0.163 16.7148
0.1635 17.17
0.164 16.4947
0.1645 16.5555
0.165 16.282
0.1655 16.459
0.166 16.1784
0.1665 15.7251
0.167 16.0093
0.1675 15.8504
0.168 16.1233
0.1685 15.49
0.169 15.6363
0.1695 15.3979
0.17 15.197
0.1705 15.4952
0.171 15.3755
0.1715 15.1073
0.172 15.0716
0.1725 14.901
0.173 14.6215
0.1735 14.8269
0.174 14.4386
0.1745 14.5618
0.175 14.5542
0.1755 14.3188
0.176 14.1916
0.1765 14.2003
0.177 13.9516
0.1775 14.1442
0.178 13.5657
0.1785 13.9872
0.179 13.7167
0.1795 13.8824
0.18 13.5264
0.1805 13.5918
0.181 13.6845
0.1815 13.4451
0.182 13.3722
0.1825 13.3203
0.183 12.8546
0.1835 13.1533
0.184 13.3707
0.1845 13.3959
0.185 12.9214
0.1855 13.1392
0.186 12.8053
0.1865 12.8562
0.187 12.8645
0.1875 12.517
0.188 12.5708
0.1885 12.2932
0.189 12.3168
0.1895 12.2535
0.19 12.0583
0.1905 12.4085
0.191 12.2745
0.1915 12.4305
0.192 11.699
0.1925 12.1547
0.193 11.6473
0.1935 11.9144
0.194 11.6618
0.1945 11.3354
0.195 11.6771
0.1955 11.773
0.196 11.4124
0.1965 11.7122
0.197 11.1809
0.1975 11.2665
0.198 11.08
0.1985 11.1436
0.199 10.8369
0.1995 10.9199
0.2 11.1152
0.2005 10.6955
0.201 10.6123
0.2015 10.4517
0.202 10.6123
0.2025 11.1809
0.203 10.8097
0.2035 10.7284
0.204 10.2932
0.2045 10.4497
0.205 10.694
0.2055 10.4966
0.206 10.7861
0.2065 10.2752
0.207 10.479
0.2075 9.86481
0.208 10.5118
0.2085 10.286
0.209 10.0793
0.2095 9.99684
0.21 10.2116
0.2105 9.90885
0.211 10.0149
0.2115 10.1523
0.212 9.74576
0.2125 9.67735
0.213 9.87914
0.2135 9.87831
0.214 9.5112
0.2145 9.73459
0.215 9.67778
0.2155 9.42544
0.216 9.52888
0.2165 9.57884
0.217 9.07676
0.2175 9.26569
0.218 9.17929
0.2185 9.26421
0.219 9.04989
0.2195 8.901
0.22 9.00386
0.2205 8.92144
0.221 9.25135
0.2215 8.70755
0.222 8.84495
0.2225 8.83369
0.223 8.9754
0.2235 8.84211
0.224 8.72916
0.2245 8.78824
0.225 8.75402
0.2255 8.58102
0.226 8.73716
0.2265 8.50219
0.227 8.38807
0.2275 8.40051
0.228 8.24309
0.2285 8.37606
0.229 8.73126
0.2295 8.46973
0.23 8.42412
0.2305 8.20505
0.231 8.07292
0.2315 8.09379
0.232 8.27671
0.2325 8.13066
0.233 7.96966
0.2335 7.95564
0.234 7.79305
0.2345 7.90192
0.235 7.92561
0.2355 7.83584
0.236 7.88991
0.2365 7.74185
0.237 7.85186
0.2375 7.82677
0.238 8.01402
0.2385 7.75343
0.239 7.81383
0.2395 7.70455
0.24 7.68411
0.2405 7.76261
0.241 7.52153
0.2415 7.34134
0.242 7.42143
0.2425 7.43143
0.243 7.59853
0.2435 7.65408
0.244 7.41067
0.2445 7.20605
0.245 7.35378
0.2455 7.32142
0.246 7.08109
0.2465 7.0343
0.247 7.00943
0.2475 6.97507
0.248 7.10721
0.2485 6.83368
0.249 6.87373
0.2495 7.11238
0.25 7.00585
0.2505 6.91977
0.251 7.07508
0.2515 6.93936
0.252 6.98066
0.2525 7.03713
0.253 6.89774
0.2535 7.01227
0.254 6.5458
0.2545 6.61463
0.255 6.70957
0.2555 6.71048
0.256 6.86054
0.2565 6.51419
0.257 6.58985
0.2575 6.58944
0.258 6.42885
0.2585 6.61746
0.259 6.55382
0.2595 6.316
0.26 6.52495
0.2605 6.40442
0.261 6.35287
0.2615 6.45013
0.262 6.48734
0.2625 6.26753
0.263 6.23992
0.2635 6.45646
0.264 6.34318
0.2645 6.33318
0.265 6.19705
0.2655 6.3728
0.266 5.994
0.2665 5.85153
0.267 6.02729
0.2675 6.18913
0.268 6.15584
0.2685 5.93646
0.269 6.12139
0.2695 6.11413
0.27 6.14457
0.2705 6.03456
0.271 6.27395
0.2715 6.05016
0.272 5.78222
0.2725 5.91634
0.273 5.75143
0.2735 6.02212
0.274 5.78579
0.2745 5.67694
0.275 5.73826
0.2755 5.73541
0.276 5.51436
0.2765 5.5368
0.277 5.68094
0.2775 5.3778
0.278 5.89474
0.2785 5.69822
0.279 5.5112
0.2795 5.69579
0.28 5.71898
0.2805 5.61161
0.281 5.64291
0.2815 5.61371
0.282 5.52321
0.2825 5.41342
0.283 5.59402
0.2835 5.57558
0.284 5.43628
0.2845 5.3739
0.285 5.4055
0.2855 5.44671
0.286 5.3838
0.2865 5.34418
0.287 5.46431
0.2875 5.15558
0.288 5.16759
0.2885 5.25726
0.289 5.00426
0.2895 5.24809
0.29 5.35779
0.2905 5.23609
0.291 5.00827
0.2915 4.98299
0.292 5.07591
0.2925 5.21373
0.293 5.06591
0.2935 5.12154
0.294 5.18761
0.2945 5.0011
0.295 4.90816
0.2955 5.11153
0.296 5.02354
0.2965 4.81883
0.297 5.0207
0.2975 5.08835
0.298 4.87698
0.2985 4.88531
0.299 4.85528
0.2995 5.12965
0.3 4.85886
0.3005 5.11923
0.301 4.64549
0.3015 4.73315
0.302 4.79564
0.3025 4.78046
0.303 4.68469
0.3035 4.69153
0.304 4.63548
0.3045 4.74643
0.305 4.8613
0.3055 4.69111
0.306 4.79722
0.3065 4.75117
0.307 4.71641
0.3075 4.65591
0.308 4.67069
0.3085 4.6927
0.309 4.62072
0.3095 4.62062
0.31 4.53696
0.3105 4.57458
0.311 4.71673
0.3115 4.75076
0.312 4.69553
0.3125 4.45287
0.313 4.50451
0.3135 4.42527
0.314 4.5634
0.3145 4.24425
0.315 4.62463
0.3155 4.37722
0.316 4.30673
0.3165 4.22823
0.317 4.24867
0.3175 4.41926
0.318 4.37238
0.3185 4.43327
0.319 4.42727
0.3195 4.25468
0.32 4.23666
0.3205 4.16459
0.321 4.24119
0.3215 4.07892
0.322 4.2275
0.3225 4.14056
0.323 4.10653
0.3235 4.29071
0.324 4.40883
0.3245 4.09852
0.325 4.03688
0.3255 4.29113
0.326 4.09061
0.3265 3.95437
0.327 4.11854
0.3275 4.07608
0.328 4.18218
0.3285 4.23349
0.329 4.24108
0.3295 4.00443
0.33 4.0509
0.3305 3.85628
0.331 4.01844
0.3315 3.96997
0.332 3.92793
0.3325 3.91233
0.333 4.04288
0.3335 3.91992
0.334 3.88716
0.3345 3.94805
0.335 3.84869
0.3355 3.75101
0.336 3.77778
0.3365 4.02603
0.337 4.03931
0.3375 3.71371
0.338 3.74542
0.3385 3.81265
0.339 3.93794
0.3395 3.76619
0.34 3.7938
0.3405 3.7606
0.341 3.77019
0.3415 3.73258
0.342 3.87388
0.3425 3.72857
0.343 3.65049
0.3435 3.75017
0.344 3.82225
0.3445 3.8567
0.345 3.80265
0.3455 3.70856
0.346 3.59486
0.3465 3.53079
0.347 3.55356
0.3475 3.58801
0.348 3.46431
0.3485 3.67168
0.349 3.70772
0.3495 3.72382
0.35 3.46789
0.3505 3.34177
0.351 3.52194
0.3515 3.41142
0.352 3.53638
0.3525 3.49591
0.353 3.61003
0.3535 3.58526
0.354 3.38539
0.3545 3.55356
0.355 3.46631
0.3555 3.30573
0.356 3.50434
0.3565 3.45145
0.357 3.53079
0.3575 3.35946
0.358 3.37579
0.3585 3.44987
0.359 3.43628
0.3595 3.57959
0.36 3.22164
0.3605 3.20362
0.361 3.44186
0.3615 3.25568
0.362 3.32016
0.3625 3.35736
0.363 3.37622
0.3635 3.4015
0.364 3.43111
0.3645 3.46514
0.365 3.40941
0.3655 3.16359
0.366 3.30815
0.3665 3.37379
0.367 3.43828
0.3675 3.40382
0.368 3.25526
0.3685 3.31932
0.369 3.00743
0.3695 3.08592
0.37 3.00501
0.3705 3.23566
0.371 3.05148
0.3715 2.95221
0.372 3.2541
0.3725 3.31574
0.373 3.1736
0.3735 3.13239
0.374 3.1031
0.3745 2.95938
0.375 3.20805
0.3755 2.997
0.376 2.96781
0.3765 3.20646
0.377 3.00184
0.3775 3.19962
0.378 3.17602
0.3785 3.10153
0.379 3.20162
0.3795 2.90891
0.38 2.98541
0.3805 2.92344
0.381 2.99626
0.3815 3.04146
0.382 3.01102
0.3825 3.04747
0.383 2.98783
0.3835 3.00584
0.384 3.00142
0.3845 2.98783
0.385 2.90491
0.3855 2.88731
0.386 2.94937
0.3865 2.85887
0.387 2.88288
0.3875 3.14715
0.388 2.94294
0.3885 2.8969
0.389 2.99542
0.3895 2.83926
0.39 2.8733
0.3905 2.77478
0.391 2.85486
0.3915 2.94495
0.392 2.95096
0.3925 2.67868
0.393 2.73758
0.3935 2.80481
0.394 2.80322
0.3945 2.69796
0.395 2.76076
0.3955 2.69269
0.396 2.76119
0.3965 2.8597
0.397 2.79322
0.3975 2.82282
0.398 2.989
0.3985 2.84885
0.399 2.84769
0.3995 2.63263
0.4 2.47648
0.4005 2.59902
0.401 2.84168
0.4015 2.66667
0.402 2.64907
0.4025 2.82483
0.403 2.73875
0.4035 2.79364
0.404 2.74074
0.4045 2.66392
0.405 2.57742
0.4055 2.68269
0.406 2.71872
0.4065 2.62663
0.407 2.58543
0.4075 2.67868
0.408 2.49291
0.4085 2.71756
0.409 2.66667
0.4095 2.62146
0.41 2.65065
0.4105 2.66467
0.411 2.67509
0.4115 2.61862
0.412 2.62505
0.4125 2.60662
0.413 2.46246
0.4135 2.52252
0.414 2.39481
0.4145 2.51819
0.415 2.62705
0.4155 2.54497
0.416 2.55256
0.4165 2.68911
0.417 2.58058
0.4175 2.47531
0.418 2.50851
0.4185 2.49692
0.419 2.58142
0.4195 2.56983
0.42 2.44887
0.4205 2.54054
0.421 2.66192
0.4215 2.41968
0.422 2.63148
0.4225 2.61303
0.423 2.42643
0.4235 2.53095
0.424 2.36479
0.4245 2.47974
0.425 2.26627
0.4255 2.48132
0.426 2.34434
0.4265 2.35562
0.427 2.51652
0.4275 2.57058
0.428 2.31431
0.4285 2.4885
0.429 2.44487
0.4295 2.44086
0.43 2.51694
0.4305 2.53896
0.431 2.41209
0.4315 2.38238
0.432 2.47248
0.4325 2.2767
0.433 2.25026
0.4335 2.21021
0.434 2.22823
0.4345 2.28354
0.435 2.34276
0.4355 2.53854
0.436 2.31232
0.4365 2.29071
0.437 2.25793
0.4375 2.39081
0.438 2.39808
0.4385 2.2827
0.439 2.28513
0.4395 2.29672
0.44 2.2002
0.4405 2.30831
0.441 2.23023
0.4415 2.23908
0.442 2.36036
0.4425 2.32433
0.443 2.20663
0.4435 2.25552
0.444 2.31432
0.4445 2.17059
0.445 2.28554
0.4455 2.16416
0.446 2.24066
0.4465 2.15616
0.447 2.26226
0.4475 2.31073
0.448 2.2551
0.4485 2.23223
0.449 2.41125
0.4495 2.04605
0.45 2.19946
0.4505 2.09051
0.451 2.25626
0.4515 2.15658
0.452 2.25225
0.4525 2.2022
0.453 2.14657
0.4535 2.1258
0.454 2.16459
0.4545 2.15858
0.455 1.96122
0.4555 2.10653
0.456 1.86871
0.4565 2.03688
0.457 2.10653
0.4575 2.14414
0.458 2.18061
0.4585 2.10695
0.459 2.10811
0.4595 2.15257
0.46 2.11612
0.4605 2.21021
0.461 2.04447
0.4615 2.00601
0.462 2.17702
0.4625 1.998
0.463 1.97039
0.4635 2.11211
0.464 1.98841
0.4645 2.05005
0.465 2.04404
0.4655 2.21022
0.466 1.93193
0.4665 2.07208
0.467 2.05606
0.4675 1.98166
0.468 2.004
0.4685 1.91317
0.469 1.98198
0.4695 2.02687
0.47 1.998
0.4705 2.06607
0.471 1.88272
0.4715 2.13455
0.472 1.86587
0.4725 2.06206
0.473 2.01001
0.4735 2.0353
0.474 1.97323
0.4745 1.88715
0.475 1.99842
0.4755 1.81182
0.476 1.95764
0.4765 1.90591
0.477 1.82625
0.4775 1.8939
0.478 1.90274
0.4785 1.95838
0.479 1.87788
0.4795 1.86554
0.48 1.82909
0.4805 1.82066
0.481 2.03204
0.4815 1.94394
0.482 1.92192
0.4825 1.90074
0.483 1.88231
0.4835 1.96597
0.484 1.93594
0.4845 1.75175
0.485 1.76577
0.4855 1.8803
0.486 1.84985
0.4865 1.86587
0.487 1.86386
0.4875 1.86187
0.488 1.83384
0.4885 1.73373
0.489 1.91792
0.4895 1.8803
0.49 1.93193
0.4905 1.80022
0.491 1.85986
0.4915 1.86787
0.492 1.87588
0.4925 1.69169
0.493 1.8979
0.4935 1.74375
0.494 1.82783
0.4945 1.69011
0.495 1.90233
0.4955 1.79347
0.496 1.78579
0.4965 1.78378
0.497 1.83584
0.4975 1.93394
0.498 1.71172
0.4985 1.74975
0.499 1.78062
0.4995 1.78462
0.5 3.60202
0.5005 0.00600601
0.501 3.62405
0.5015 0.002002
0.502 3.4427
0.5025 0
0.503 3.38781
0.5035 0.004004
0.504 3.42827
0.5045 0
0.505 3.37422
0.5055 0
0.506 3.2661
0.5065 0.00600601
0.507 3.31173
0.5075 0.004004
0.508 3.46389
0.5085 0.002002
0.509 3.44745
0.5095 0
0.51 3.28012
0.5105 0
0.511 3.34619
0.5115 0
0.512 1.68168
0.5125 1.56357
0.513 1.59802
0.5135 1.82224
0.514 1.59201
0.5145 1.68811
0.515 1.62046
0.5155 1.76376
0.516 1.72173
0.5165 1.68136
0.517 1.61203
0.5175 1.60361
0.518 1.59359
0.5185 1.72773
0.519 1.74374
0.5195 1.63647
0.52 1.65533
0.5205 1.49391
0.521 1.76661
0.5215 1.58959
0.522 1.60761
0.5225 1.54197
0.523 1.61203
0.5235 1.47948
0.524 1.53196
0.5245 1.62162
0.525 1.54354
0.5255 1.60602
0.526 1.6977
0.5265 1.5624
0.527 1.62605
0.5275 1.5976
0.528 1.5644
0.5285 1.47347
0.529 1.51594
0.5295 1.60602
0.53 1.56999
0.5305 1.67768
0.531 1.50751
0.5315 1.45746
0.532 1.54196
0.5325 1.51477
0.533 1.60402
0.5335 1.6016
0.534 1.50351
0.5345 1.54555
0.535 1.56156
0.5355 1.54955
0.536 1.55756
0.5365 1.42543
0.537 1.6036
0.5375 1.51151
0.538 1.56156
0.5385 1.41583
0.539 1.48549
0.5395 1.44945
0.54 1.53796
0.5405 1.50952
0.541 1.48349
0.5415 1.60002
0.542 1.49876
0.5425 1.47347
0.543 1.43544
0.5435 1.4467
0.544 1.51752
0.5445 1.4799
0.545 1.54997
0.5455 1.56282
0.546 1.48833
0.5465 1.46989
0.547 1.47948
0.5475 1.41183
0.548 1.53554
0.5485 1.54997
0.549 1.46547
0.5495 1.38338
0.55 1.48949
0.5505 1.41341
0.551 1.4955
0.5515 1.44344
0.552 1.46147
0.5525 1.576
0.553 1.33734
0.5535 1.44344
0.554 1.46747
0.5545 1.48749
0.555 1.48749
0.5555 1.42342
0.556 1.45946
0.5565 1.46272
0.557 1.4014
0.5575 1.35177
0.558 1.47147
0.5585 1.35778
0.559 1.33534
0.5595 1.44228
0.56 1.45946
0.5605 1.32332
0.561 1.3818
0.5615 1.34218
0.562 1.39023
0.5625 1.44945
0.563 1.37137
0.5635 1.35135
0.564 1.3838
0.5645 1.36937
0.565 1.49033
0.5655 1.21121
0.566 1.38739
0.5665 1.42026
0.567 1.21522
0.5675 1.25526
0.568 1.26769
0.5685 1.50952
0.569 1.40382
0.5695 1.34535
0.57 1.36979
0.5705 1.35736
0.571 1.3954
0.5715 1.41342
0.572 1.41584
0.5725 1.27127
0.573 1.28929
0.5735 1.4387
0.574 1.39023
0.5745 1.23524
0.575 1.28328
0.5755 1.25926
0.576 1.35177
0.5765 1.23524
0.577 1.22807
0.5775 1.40541
0.578 1.3013
0.5785 1.26927
0.579 1.32132
0.5795 1.34535
0.58 1.33334
0.5805 1.23924
0.581 1.31131
0.5815 1.43344
0.582 1.24925
0.5825 1.27528
0.583 1.34535
0.5835 1.32733
0.584 1.23608
0.5845 1.29972
0.585 1.39782
0.5855 1.32733
0.586 1.2933
0.5865 1.2973
0.587 1.23924
0.5875 1.2837
0.588 1.22923
0.5885 1.29372
0.589 1.24324
0.5895 1.34777
0.59 1.24725
0.5905 1.33534
0.591 1.26368
0.5915 1.31131
0.592 1.22723
0.5925 1.2032
0.593 1.35335
0.5935 1.29371
0.594 1.1932
0.5945 1.18044
0.595 1.26126
0.5955 1.25526
0.596 1.18519
0.5965 1.25125
0.597 1.11312
0.5975 1.15758
0.598 1.21922
0.5985 1.20921
0.599 1.31499
0.5995 1.21922
0.6 1.18961
0.6005 1.30731
0.601 1.11111
0.6015 1.24525
0.602 1.21922
0.6025 1.20963
0.603 1.23323
0.6035 1.32132
0.604 1.17117
0.6045 1.22923
0.605 1.18002
0.6055 1.21121
0.606 1.21522
0.6065 1.24325
0.607 1.23724
0.6075 1.06148
0.608 1.16158
0.6085 1.23123
0.609 1.10511
0.6095 1.13313
0.61 1.23365
0.6105 1.1972
0.611 1.22122
0.6115 1.16917
0.612 1.24767
0.6125 1.27611
0.613 1.0991
0.6135 1.0991
0.614 1.1031
0.6145 1.21321
0.615 1.18919
0.6155 1.11554
0.616 1.2953
0.6165 1.16158
0.617 1.22965
0.6175 1.10711
0.618 1.16317
0.6185 1.21522
0.619 1.08835
0.6195 1.0991
0.62 1.12555
0.6205 1.14114
0.621 1.17918
0.6215 1.12998
0.622 1.19361
0.6225 1.14315
0.623 1.10912
0.6235 1.13313
0.624 1.09109
0.6245 1.162
0.625 1.10911
0.6255 1.20921
0.626 1.0931
0.6265 1.13714
0.627 1.07908
0.6275 1.12596
0.628 1.05906
0.6285 1.08108
0.629 1.14757
0.6295 1.04146
0.63 1.22048
0.6305 1.06907
0.631 1.16116
0.6315 1.12154
0.632 1.10911
0.6325 1.13113
0.633 1.04747
0.6335 1.07107
0.634 1.08909
0.6345 1.1031
0.635 1.10036
0.6355 1.11311
0.636 1.03504
0.6365 1.03104
0.637 1.1031
0.6375 1.05906
0.638 1.09393
0.6385 1.12914
0.639 1.22523
0.6395 1.02503
0.64 1.0775
0.6405 1.08509
0.641 1.08108
0.6415 1.01301
0.642 1.02945
0.6425 1.11311
0.643 0.960961
0.6435 1.05105
0.644 1.02503
0.6445 1.10711
0.645 1.06306
0.6455 1.00542
0.646 1.003
0.6465 0.97139
0.647 0.929352
0.6475 1.11512
0.648 0.984987
0.6485 0.984987
0.649 1.06907
0.6495 1.11595
0.65 0.99141
0.6505 1.05105
0.651 1.05706
0.6515 1.04905
0.652 1.06306
0.6525 1.03103
0.653 1.08509
0.6535 0.992995
0.654 1.0991
0.6545 1.03345
0.655 1.05547
0.6555 0.962963
0.656 1.03345
0.6565 1.08309
0.657 0.975394
0.6575 1.04304
0.658 0.982983
0.6585 0.981404
0.659 1.13313
0.6595 0.974975
0.66 1.00501
0.6605 0.984987
0.661 1.14715
0.6615 1.01301
0.662 0.946947
0.6625 1.00901
0.663 1.07349
0.6635 1.03704
0.664 0.880881
0.6645 0.977396
0.665 1.02302
0.6655 1.02102
0.666 0.966969
0.6665 1.01343
0.667 1.08308
0.6675 0.884885
0.668 0.860863
0.6685 0.964965
0.669 1.06707
0.6695 1.01143
0.67 1.00301
0.6705 0.984985
0.671 1.04188
0.6715 1.03946
0.672 0.884885
0.6725 1.03303
0.673 1.001
0.6735 0.874875
0.674 0.970971
0.6745 0.954955
0.675 0.964965
0.6755 0.992995
0.676 0.902905
0.6765 1.01185
0.677 1.03904
0.6775 0.992997
0.678 0.970971
0.6785 0.920923
0.679 0.936937
0.6795 0.822825
0.68 0.914171
0.6805 0.927346
0.681 1.03103
0.6815 0.92134
0.682 0.874875
0.6825 0.990247
0.683 0.950951
0.6835 0.990991
0.684 0.876877
0.6845 0.860863
0.685 0.967812
0.6855 0.948949
0.686 1.00301
0.6865 1.06348
0.687 0.949368
0.6875 0.946947
0.688 0.89131
0.6885 0.965384
0.689 1.01343
0.6895 0.955374
0.69 0.932935
0.6905 1.00226
0.691 0.892893
0.6915 0.876877
0.692 0.928931
0.6925 0.952953
0.693 0.980983
0.6935 0.928929
0.694 0.89131
0.6945 0.946951
0.695 0.964967
0.6955 0.876877
0.696 0.932933
0.6965 0.978981
0.697 0.894895
0.6975 0.940941
0.698 0.939782
0.6985 0.952953
0.699 0.839262
0.6995 0.958959
0.7 0.954955
0.7005 0.894895
0.701 0.929348
0.7015 0.874877
0.702 0.909332
0.7025 0.904905
0.703 0.934939
0.7035 0.897316
0.704 0.853691
0.7045 0.862863
0.705 0.924929
0.7055 0.904907
0.706 0.887306
0.7065 0.863282
0.707 0.91133
0.7075 0.996997
0.708 0.916917
0.7085 0.964967
0.709 0.89131
0.7095 0.846847
0.71 0.798799
0.7105 0.930933
0.711 0.84927
0.7115 0.931352
0.712 0.844845
0.7125 0.914915
0.713 0.746749
0.7135 0.81123
0.714 0.854855
0.7145 0.846847
0.715 0.864865
0.7155 0.867286
0.716 0.834835
0.7165 0.850851
0.717 0.858859
0.7175 0.752755
0.718 0.804805
0.7185 0.854863
0.719 0.85127
0.7195 0.842847
0.72 0.915334
0.7205 0.80122
0.721 0.906907
0.7215 0.788789
0.722 0.854855
0.7225 0.728729
0.723 0.882139
0.7235 0.861701
0.724 0.864865
0.7245 0.808813
0.725 0.886889
0.7255 0.882883
0.726 0.859278
0.7265 0.890893
0.727 0.880881
0.7275 0.883302
0.728 0.912913
0.7285 0.892893
0.729 0.914915
0.7295 0.727148
0.73 0.712713
0.7305 0.803222
0.731 0.814815
0.7315 0.778779
0.732 0.840843
0.7325 0.77119
0.733 0.89173
0.7335 0.822823
0.734 0.874881
0.7345 0.820821
0.735 0.767186
0.7355 0.810811
0.736 0.814817
0.7365 0.911334
0.737 0.757176
0.7375 0.854855
0.738 0.900905
0.7385 0.854857
0.739 0.810811
0.7395 0.921344
0.74 0.758759
0.7405 0.844847
0.741 0.786787
0.7415 0.741579
0.742 0.924927
0.7425 0.796797
0.743 0.848849
0.7435 0.816817
0.744 0.745164
0.7445 0.704705
0.745 0.736741
0.7455 0.696697
0.746 0.758759
0.7465 0.744749
0.747 0.776777
0.7475 0.850851
0.748 0.844845
0.7485 0.744745
0.749 0.779198
0.7495 0.740741
0.75 0.733573
0.7505 0.80723
0.751 0.812069
0.7515 0.794797
0.752 0.756761
0.7525 0.878881
0.753 0.836837
0.7535 0.800807
0.754 0.764765
0.7545 0.818821
0.755 0.794795
0.7555 0.726727
0.756 0.775196
0.7565 0.734735
0.757 0.813236
0.7575 0.633052
0.758 0.775613
0.7585 0.666667
0.759 0.736737
0.7595 0.814817
0.76 0.764765
0.7605 0.714715
0.761 0.796797
0.7615 0.828829
0.762 0.782785
0.7625 0.747585
0.763 0.696697
0.7635 0.676677
0.764 0.774775
0.7645 0.708709
0.765 0.790795
0.7655 0.748749
0.766 0.834835
0.7665 0.762763
0.767 0.770771
0.7675 0.692693
0.768 0.742745
0.7685 0.694695
0.769 0.798799
0.7695 0.760763
0.77 0.766767
0.7705 0.779198
0.771 0.716717
0.7715 0.6811
0.772 0.843681
0.7725 0.792793
0.773 0.830833
0.7735 0.775196
0.774 0.828829
0.7745 0.762763
0.775 0.668671
0.7755 0.66909
0.776 0.752755
0.7765 0.732733
0.777 0.702703
0.7775 0.664665
0.778 0.706707
0.7785 0.739158
0.779 0.838839
0.7795 0.728729
0.78 0.730733
0.7805 0.614615
0.781 0.716717
0.7815 0.742743
0.782 0.726729
0.7825 0.676677
0.783 0.690691
0.7835 0.680681
0.784 0.716717
0.7845 0.652653
0.785 0.710711
0.7855 0.670671
0.786 0.682683
0.7865 0.698699
0.787 0.756757
0.7875 0.763601
0.788 0.692701
0.7885 0.696697
0.789 0.692693
0.7895 0.786787
0.79 0.726727
0.7905 0.738739
0.791 0.666667
0.7915 0.696699
0.792 0.718719
0.7925 0.655074
0.793 0.681519
0.7935 0.768769
0.794 0.748749
0.7945 0.776785
0.795 0.644645
0.7955 0.638641
0.796 0.662663
0.7965 0.692693
0.797 0.739577
0.7975 0.742743
0.798 0.576579
0.7985 0.704705
0.799 0.726727
0.7995 0.752755
0.8 0.690691
0.8005 0.689108
0.801 0.653491
0.8015 0.670671
0.802 0.753172
0.8025 0.680681
0.803 0.680681
0.8035 0.660661
0.804 0.705124
0.8045 0.680681
0.805 0.738741
0.8055 0.686687
0.806 0.662663
0.8065 0.622625
0.807 0.718719
0.8075 0.704705
0.808 0.668669
0.8085 0.716717
0.809 0.660661
0.8095 0.685104
0.81 0.640641
0.8105 0.700701
0.811 0.672673
0.8115 0.678679
0.812 0.6811
0.8125 0.666667
0.813 0.612613
0.8135 0.683102
0.814 0.622625
0.8145 0.674675
0.815 0.625044
0.8155 0.746749
0.816 0.698699
0.8165 0.600601
0.817 0.642643
0.8175 0.63105
0.818 0.692693
0.8185 0.704705
0.819 0.665503
0.8195 0.709128
0.82 0.588591
0.8205 0.644645
0.821 0.645064
0.8215 0.706709
0.822 0.660661
0.8225 0.709549
0.823 0.684685
0.8235 0.670671
0.824 0.634635
0.8245 0.642643
0.825 0.648649
0.8255 0.664667
0.826 0.630631
0.8265 0.672673
0.827 0.614619
0.8275 0.642643
0.828 0.666667
0.8285 0.588589
0.829 0.660661
0.8295 0.661499
0.83 0.613871
0.8305 0.660661
0.831 0.722723
0.8315 0.726727
0.832 0.708713
0.8325 0.592593
0.833 0.709547
0.8335 0.608609
0.834 0.549387
0.8345 0.683102
0.835 0.712713
0.8355 0.574575
0.836 0.688689
0.8365 0.602603
0.837 0.590591
0.8375 0.58384
0.838 0.649072
0.8385 0.584585
0.839 0.588589
0.8395 0.634635
0.84 0.696699
0.8405 0.668669
0.841 0.598599
0.8415 0.554555
0.842 0.664665
0.8425 0.552553
0.843 0.655074
0.8435 0.624625
0.844 0.586587
0.8445 0.568569
0.845 0.618621
0.8455 0.623044
0.846 0.598601
0.8465 0.710717
0.847 0.612617
0.8475 0.528529
0.848 0.625044
0.8485 0.620621
0.849 0.672681
0.8495 0.538539
0.85 0.650651
0.8505 0.610611
0.851 0.590591
0.8515 0.562563
0.852 0.610611
0.8525 0.600601
0.853 0.642643
0.8535 0.583002
0.854 0.680681
0.8545 0.564569
0.855 0.520521
0.8555 0.663082
0.856 0.61103
0.8565 0.568569
0.857 0.586587
0.8575 0.530531
0.858 0.631052
0.8585 0.540543
0.859 0.622623
0.8595 0.492492
0.86 0.600601
0.8605 0.628633
0.861 0.582583
0.8615 0.591431
0.862 0.528529
0.8625 0.606611
0.863 0.604605
0.8635 0.600601
0.864 0.542543
0.8645 0.606607
0.865 0.607026
0.8655 0.538539
0.866 0.580581
0.8665 0.606607
0.867 0.562563
0.8675 0.598599
0.868 0.542543
0.8685 0.618619
0.869 0.580581
0.8695 0.532533
0.87 0.594595
0.8705 0.583004
0.871 0.585847
0.8715 0.606607
0.872 0.570571
0.8725 0.568988
0.873 0.628629
0.8735 0.642645
0.874 0.564565
0.8745 0.576996
0.875 0.510511
0.8755 0.568571
0.876 0.572573
0.8765 0.548968
0.877 0.526527
0.8775 0.544547
0.878 0.594595
0.8785 0.584587
0.879 0.47047
0.8795 0.568569
0.88 0.482482
0.8805 0.587006
0.881 0.544545
0.8815 0.620621
0.882 0.478478
0.8825 0.588589
0.883 0.598599
0.8835 0.653076
0.884 0.554555
0.8845 0.494494
0.885 0.548549
0.8855 0.610611
0.886 0.628629
0.8865 0.532533
0.887 0.556976
0.8875 0.633471
0.888 0.694695
0.8885 0.534537
0.889 0.546547
0.8895 0.604607
0.89 0.538539
0.8905 0.502505
0.891 0.49049
0.8915 0.536537
0.892 0.520521
0.8925 0.597016
0.893 0.555393
0.8935 0.478478
0.894 0.560561
0.8945 0.584585
0.895 0.464466
0.8955 0.480482
0.896 0.570571
0.8965 0.550551
0.897 0.590591
0.8975 0.534954
0.898 0.47047
0.8985 0.536537
0.899 0.45045
0.8995 0.564565
0.9 0.522523
0.9005 0.482902
0.901 0.550551
0.9015 0.520521
0.902 0.536537
0.9025 0.520521
0.903 0.528529
0.9035 0.504505
0.904 0.504505
0.9045 0.524525
0.905 0.530531
0.9055 0.528529
0.906 0.590591
0.9065 0.514515
0.907 0.496499
0.9075 0.512515
0.908 0.614615
0.9085 0.526529
0.909 0.544964
0.9095 0.546547
0.91 0.554557
0.9105 0.526527
0.911 0.494494
0.9115 0.546547
0.912 0.544966
0.9125 0.581
0.913 0.514517
0.9135 0.520521
0.914 0.534535
0.9145 0.47047
0.915 0.520521
0.9155 0.532537
0.916 0.582583
0.9165 0.468468
0.917 0.504505
0.9175 0.522525
0.918 0.570571
0.9185 0.526527
0.919 0.534954
0.9195 0.550551
0.92 0.607026
0.9205 0.538541
0.921 0.508928
0.9215 0.530531
0.922 0.486486
0.9225 0.476476
0.923 0.564565
0.9235 0.522523
0.924 0.550551
0.9245 0.584585
0.925 0.526527
0.9255 0.478478
0.926 0.546547
0.9265 0.544966
0.927 0.442442
0.9275 0.476476
0.928 0.538539
0.9285 0.52094
0.929 0.478478
0.9295 0.534535
0.93 0.456876
0.9305 0.540543
0.931 0.510511
0.9315 0.474894
0.932 0.568569
0.9325 0.526527
0.933 0.518519
0.9335 0.386386
0.934 0.428432
0.9345 0.464464
0.935 0.47448
0.9355 0.496496
0.936 0.490492
0.9365 0.488488
0.937 0.546547
0.9375 0.492492
0.938 0.49049
0.9385 0.47047
0.939 0.502922
0.9395 0.478478
0.94 0.476476
0.9405 0.454454
0.941 0.492492
0.9415 0.518519
0.942 0.402402
0.9425 0.556557
0.943 0.454454
0.9435 0.466886
0.944 0.466466
0.9445 0.534535
0.945 0.478478
0.9455 0.484484
0.946 0.462882
0.9465 0.506507
0.947 0.506507
0.9475 0.551068
0.948 0.482902
0.9485 0.548549
0.949 0.498498
0.9495 0.45045
0.95 0.542543
0.9505 0.476478
0.951 0.514515
0.9515 0.536537
0.952 0.484484
0.9525 0.536537
0.953 0.446446
0.9535 0.488488
0.954 0.432432
0.9545 0.51093
0.955 0.464884
0.9555 0.49049
0.956 0.528529
0.9565 0.476896
0.957 0.544964
0.9575 0.510511
0.958 0.432432
0.9585 0.514515
0.959 0.482482
0.9595 0.528541
0.96 0.500501
0.9605 0.510513
0.961 0.456458
0.9615 0.522523
0.962 0.434434
0.9625 0.482484
0.963 0.521361
0.9635 0.526527
0.964 0.464464
0.9645 0.492492
0.965 0.49049
0.9655 0.44044
0.966 0.436438
0.9665 0.482482
0.967 0.476476
0.9675 0.484484
0.968 0.498498
0.9685 0.41842
0.969 0.49091
0.9695 0.42042
0.97 0.468468
0.9705 0.472474
0.971 0.424424
0.9715 0.472472
0.972 0.496496
0.9725 0.456876
0.973 0.42843
0.9735 0.502503
0.974 0.468468
0.9745 0.526527
0.975 0.47848
0.9755 0.422422
0.976 0.42042
0.9765 0.492492
0.977 0.432432
0.9775 0.408408
0.978 0.478478
0.9785 0.486486
0.979 0.476476
0.9795 0.466468
0.98 0.474474
0.9805 0.404404
0.981 0.414414
0.9815 0.432852
0.982 0.424424
0.9825 0.47047
0.983 0.468468
0.9835 0.482902
0.984 0.502505
0.9845 0.398398
0.985 0.482482
0.9855 0.49049
0.986 0.398398
0.9865 0.456456
0.987 0.536537
0.9875 0.400402
0.988 0.368368
0.9885 0.478478
0.989 0.44044
0.9895 0.436436
0.99 0.404404
0.9905 0.474474
0.991 0.426426
0.9915 0.4004
0.992 0.492492
0.9925 0.467307
0.993 0.354354
0.9935 0.432432
0.994 0.384386
0.9945 0.398398
0.995 0.458878
0.9955 0.448448
0.996 0.414414
0.9965 0.448448
0.997 0.432432
0.9975 0.422422
0.998 0.456456
0.9985 0.452872
0.999 0.418418
0.9995 2003.2
1.0 0
