0.0 11.936
0.0005 8808.84
0.001 3649.47
0.0015 2527.33
0.002 1845.93
0.0025 1440.72
0.003 1179.72
0.0035 991.007
0.004 850.92
0.0045 744.06
0.005 654.21
0.0055 583.705
0.006 525.935
0.0065 478.395
0.007 434.549
0.0075 398.684
0.008 366.641
0.0085 339.842
0.009 314.729
0.0095 294.26
0.01 273.061
0.0105 256.439
0.011 240.949
0.0115 227.343
0.012 214.345
0.0125 201.727
0.013 190.291
0.0135 181.157
0.014 171.906
0.0145 163.551
0.015 154.887
0.0155 148.331
0.016 140.754
0.0165 135.306
0.017 129.452
0.0175 122.71
0.018 117.797
0.0185 113.607
0.019 108.832
0.0195 104.175
0.02 100.26
0.0205 97.099
0.021 92.6455
0.0215 88.7978
0.022 86.2263
0.0225 82.9971
0.023 79.939
0.0235 77.3872
0.024 74.5815
0.0245 71.9345
0.025 69.813
0.0255 67.2927
0.026 65.5689
0.0265 63.2738
0.027 61.5328
0.0275 59.2991
0.028 57.4984
0.0285 55.6955
0.029 54.4149
0.0295 52.4879
0.03 51.2306
0.0305 49.6026
0.031 48.1378
0.0315 46.6742
0.032 45.6787
0.0325 44.3035
0.033 43.0008
0.0335 41.9917
0.034 40.6704
0.0345 40.2788
0.035 38.7338
0.0355 37.9574
0.036 36.9091
0.0365 35.8682
0.037 34.8042
0.0375 34.0443
0.038 33.2291
0.0385 32.5767
0.039 31.9378
0.0395 31.217
0.04 30.5017
0.0405 29.5445
0.041 28.8069
0.0415 28.1538
0.042 27.5665
0.0425 27.002
0.043 26.4565
0.0435 25.9064
0.044 25.2885
0.0445 24.6636
0.045 24.2614
0.0455 23.8984
0.046 22.8567
0.0465 22.9437
0.047 22.1445
0.0475 22.0353
0.048 21.361
0.0485 21.2454
0.049 20.5636
0.0495 19.9162
0.05 19.9163
0.0505 19.3568
0.051 18.7995
0.0515 18.7638
0.052 18.4113
0.0525 17.8965
0.053 17.618
0.0535 17.0979
0.054 16.6504
0.0545 16.5925
0.055 16.2203
0.0555 16.1182
0.056 15.7971
0.0565 15.5439
0.057 15.3488
0.0575 15.0075
0.058 14.6215
0.0585 14.2163
0.059 14.3335
0.0595 13.7643
0.06 13.6461
0.0605 13.3187
0.061 13.1527
0.0615 12.9696
0.062 12.6834
0.0625 12.5536
0.063 12.2985
0.0635 12.1491
0.064 12.0742
0.0645 11.9181
0.065 11.6319
0.0655 11.3767
0.066 11.149
0.0665 11.0776
0.067 10.8855
0.0675 10.7385
0.068 10.5926
0.0685 10.4904
0.069 10.1151
0.0695 10.1812
0.07 9.87516
0.0705 9.9392
0.071 9.61703
0.0715 9.52176
0.072 9.15473
0.0725 9.25664
0.073 9.03059
0.0735 9.14872
0.074 8.87159
0.0745 8.60938
0.075 8.48725
0.0755 8.50863
0.076 8.32324
0.0765 8.12614
0.077 8.0902
0.0775 8.00916
0.078 7.97421
0.0785 7.80198
0.079 7.72086
0.0795 7.58987
0.08 7.45681
0.0805 7.52177
0.081 7.2357
0.0815 7.27464
0.082 7.02059
0.0825 6.99257
0.083 7.11464
0.0835 6.79955
0.084 6.70436
0.0845 6.67541
0.085 6.76939
0.0855 6.60738
0.086 6.37819
0.0865 6.53134
0.087 6.41643
0.0875 6.3113
0.088 6.1052
0.0885 6.11707
0.089 6.04603
0.0895 5.88402
0.09 5.99808
0.0905 5.85608
0.091 5.73787
0.0915 5.66183
0.092 5.57086
0.0925 5.71086
0.093 5.4538
0.0935 5.53377
0.094 5.39085
0.0945 5.1976
0.095 5.28765
0.0955 5.0436
0.096 5.06854
0.0965 5.04875
0.097 5.00958
0.0975 4.92646
0.098 4.98857
0.0985 4.8014
0.099 4.78039
0.0995 4.70235
0.1 4.74745
0.1005 4.73159
0.101 4.81348
0.1015 4.7035
0.102 4.54527
0.1025 4.56336
0.103 4.44022
0.1035 4.31616
0.104 4.26414
0.1045 4.43522
0.105 4.2061
0.1055 4.13807
0.106 4.1981
0.1065 4.2502
0.107 4.07812
0.1075 3.95798
0.108 3.93397
0.1085 4.13414
0.109 3.98207
0.1095 3.86601
0.11 3.91996
0.1105 3.86301
0.111 3.77396
0.1115 3.66091
0.112 3.64597
0.1125 3.60188
0.113 3.50783
0.1135 3.6379
0.114 3.48975
0.1145 3.55886
0.115 3.56493
0.1155 3.41486
0.116 3.46673
0.1165 3.41371
0.117 3.37784
0.1175 3.3108
0.118 3.27571
0.1185 3.29372
0.119 3.26571
0.1195 3.15858
0.12 3.25063
0.1205 3.2016
0.121 3.08655
0.1215 3.12456
0.122 3.06153
0.1225 2.93047
0.123 3.04953
0.1235 3.04753
0.124 2.9106
0.1245 2.89945
0.125 2.88452
0.1255 2.96248
0.126 2.86451
0.1265 2.83049
0.127 2.88959
0.1275 2.84342
0.128 2.75745
0.1285 2.72744
0.129 2.74745
0.1295 2.74459
0.13 2.75745
0.1305 2.64947
0.131 2.67641
0.1315 2.71136
0.132 2.72436
0.1325 2.61638
0.133 2.56636
0.1335 2.58329
0.134 2.50125
0.1345 2.50726
0.135 2.4493
0.1355 2.47031
0.136 2.5064
0.1365 2.53341
0.137 2.44522
0.1375 2.41021
0.138 2.33317
0.1385 2.33417
0.139 2.28422
0.1395 2.34525
0.14 2.26821
0.1405 2.25613
0.141 2.35725
0.1415 2.27922
0.142 2.25413
0.1425 2.21111
0.143 2.21511
0.1435 2.17709
0.144 2.22319
0.1445 2.21326
0.145 2.15823
0.1455 2.12521
0.146 2.13407
0.1465 2.05903
0.147 2.20718
0.1475 2.07104
0.148 2.01601
0.1485 2.12106
0.149 2.06403
0.1495 1.97399
0.15 1.998
0.1505 2.01601
0.151 1.93597
0.1515 1.989
0.152 1.91511
0.1525 1.97113
0.153 1.93897
0.1535 1.91096
0.154 1.88694
0.1545 1.82899
0.155 1.81691
0.1555 1.83992
0.156 1.89195
0.1565 1.89802
0.157 1.80398
0.1575 1.74887
0.158 1.86793
0.1585 1.75588
0.159 1.81291
0.1595 1.72386
0.16 1.83292
0.1605 1.69685
0.161 1.76488
0.1615 1.73687
0.162 1.72587
0.1625 1.72194
0.163 1.61488
0.1635 1.68684
0.164 1.73087
0.1645 1.67084
0.165 1.72586
0.1655 1.64482
0.166 1.61881
0.1665 1.6459
0.167 1.57479
0.1675 1.54585
0.168 1.61688
0.1685 1.5998
0.169 1.66291
0.1695 1.55878
0.17 1.53577
0.1705 1.48374
0.171 1.61281
0.1715 1.54577
0.172 1.51376
0.1725 1.46874
0.173 1.50583
0.1735 1.49475
0.174 1.47974
0.1745 1.5089
0.175 1.48374
0.1755 1.44672
0.176 1.48775
0.1765 1.39077
0.177 1.37369
0.1775 1.42571
0.178 1.42979
0.1785 1.46781
0.179 1.41171
0.1795 1.4037
0.18 1.36368
0.1805 1.36568
0.181 1.33367
0.1815 1.31166
0.182 1.34675
0.1825 1.37569
0.183 1.31766
0.1835 1.32666
0.184 1.28064
0.1845 1.35368
0.185 1.27664
0.1855 1.35768
0.186 1.29665
0.1865 1.29265
0.187 1.28064
0.1875 1.2016
0.188 1.33167
0.1885 1.25563
0.189 1.23562
0.1895 1.21661
0.19 1.21868
0.1905 1.21561
0.191 1.19667
0.1915 1.18559
0.192 1.1916
0.1925 1.18066
0.193 1.13857
0.1935 1.12756
0.194 1.22269
0.1945 1.16558
0.195 1.17959
0.1955 1.1916
0.196 1.11563
0.1965 1.22569
0.197 1.13157
0.1975 1.15858
0.198 1.08354
0.1985 1.10455
0.199 1.17459
0.1995 1.07754
0.2 1.09655
0.2005 1.12756
0.201 1.04352
0.2015 1.06153
0.202 1.06854
0.2025 1.0596
0.203 1.09355
0.2035 1.11656
0.204 1.09262
0.2045 1.07354
0.205 1.05053
0.2055 1.0085
0.206 1.0085
0.2065 1.04059
0.207 0.985566
0.2075 1.03359
0.208 1.01551
0.2085 1.08054
0.209 1.03059
0.2095 1.05453
0.21 1.03652
0.2105 0.988495
0.211 0.977489
0.2115 1.01451
0.212 0.950476
0.2125 0.963482
0.213 0.991497
0.2135 0.982566
0.214 1.03352
0.2145 1.03452
0.215 0.95648
0.2155 0.928465
0.216 0.954478
0.2165 0.922462
0.217 0.968485
0.2175 0.892446
0.218 0.892447
0.2185 0.921461
0.219 0.981491
0.2195 0.890445
0.22 0.892447
0.2205 0.907454
0.221 0.895448
0.2215 0.866434
0.222 0.925464
0.2225 0.859431
0.223 0.930465
0.2235 0.856428
0.224 0.887445
0.2245 0.878439
0.225 0.89845
0.2255 0.866433
0.226 0.807404
0.2265 0.81841
0.227 0.858431
0.2275 0.852426
0.228 0.875439
0.2285 0.787395
0.229 0.868434
0.2295 0.817409
0.23 0.825413
0.2305 0.824486
0.231 0.790395
0.2315 0.844422
0.232 0.833492
0.2325 0.815409
0.233 0.782391
0.2335 0.751376
0.234 0.785393
0.2345 0.813407
0.235 0.81248
0.2355 0.753377
0.236 0.786393
0.2365 0.764383
0.237 0.771386
0.2375 0.804403
0.238 0.806404
0.2385 0.766385
0.239 0.767384
0.2395 0.774388
0.24 0.750375
0.2405 0.77739
0.241 0.71836
0.2415 0.801401
0.242 0.736368
0.2425 0.732366
0.243 0.740371
0.2435 0.734367
0.244 0.73244
0.2445 0.721361
0.245 0.726363
0.2455 0.74037
0.246 0.679341
0.2465 0.726363
0.247 0.727364
0.2475 0.726364
0.248 0.670335
0.2485 0.721361
0.249 0.692347
0.2495 0.669335
0.25 0.713357
0.2505 0.647324
0.251 0.681341
0.2515 0.67734
0.252 0.731366
0.2525 0.731366
0.253 0.656329
0.2535 0.67934
0.254 0.688345
0.2545 0.61931
0.255 0.714357
0.2555 0.637393
0.256 0.62031
0.2565 0.623312
0.257 0.686343
0.2575 0.718359
0.258 0.628315
0.2585 0.667334
0.259 0.635318
0.2595 0.642322
0.26 0.646323
0.2605 0.63832
0.261 0.63932
0.2615 0.664332
0.262 0.613307
0.2625 0.656328
0.263 0.611306
0.2635 0.636319
0.264 0.630316
0.2645 0.598373
0.265 0.631316
0.2655 0.608304
0.266 0.607304
0.2665 0.572287
0.267 0.611306
0.2675 0.581291
0.268 0.636319
0.2685 0.601301
0.269 0.6003
0.2695 0.607377
0.27 0.575361
0.2705 0.592297
0.271 0.623312
0.2715 0.618309
0.272 0.596372
0.2725 0.596299
0.273 0.590295
0.2735 0.578363
0.274 0.576289
0.2745 0.564282
0.275 0.585293
0.2755 0.588294
0.276 0.55928
0.2765 0.577289
0.277 0.58029
0.2775 0.535268
0.278 0.57729
0.2785 0.576288
0.279 0.563282
0.2795 0.584292
0.28 0.520334
0.2805 0.572286
0.281 0.514258
0.2815 0.596299
0.282 0.552276
0.2825 0.566358
0.283 0.561281
0.2835 0.51926
0.284 0.575288
0.2845 0.541271
0.285 0.51926
0.2855 0.513257
0.286 0.513257
0.2865 0.527264
0.287 0.53334
0.2875 0.524262
0.288 0.543272
0.2885 0.523262
0.289 0.52026
0.2895 0.532266
0.29 0.494248
0.2905 0.540271
0.291 0.51926
0.2915 0.553277
0.292 0.516259
0.2925 0.495248
0.293 0.517259
0.2935 0.509256
0.294 0.491246
0.2945 0.465233
0.295 0.551276
0.2955 0.494248
0.296 0.511256
0.2965 0.483242
0.297 0.47924
0.2975 0.493247
0.298 0.508255
0.2985 0.500251
0.299 0.502251
0.2995 0.511256
0.3 0.464232
0.3005 0.502252
0.301 0.463233
0.3015 0.480241
0.302 0.479313
0.3025 0.45923
0.303 0.455229
0.3035 0.506253
0.304 0.481241
0.3045 0.453227
0.305 0.483242
0.3055 0.470235
0.306 0.484242
0.3065 0.451226
0.307 0.417209
0.3075 0.501251
0.308 0.469235
0.3085 0.43922
0.309 0.51626
0.3095 0.458229
0.31 0.467234
0.3105 0.445296
0.311 0.470236
0.3115 0.47924
0.312 0.458231
0.3125 0.456228
0.313 0.442221
0.3135 0.46023
0.314 0.475238
0.3145 0.430215
0.315 0.405203
0.3155 0.425213
0.316 0.421211
0.3165 0.428214
0.317 0.453227
0.3175 0.414208
0.318 0.428214
0.3185 0.413207
0.319 0.411206
0.3195 0.442221
0.32 0.434218
0.3205 0.443222
0.321 0.400201
0.3215 0.437219
0.322 0.432216
0.3225 0.424212
0.323 0.412207
0.3235 0.421211
0.324 0.421211
0.3245 0.424286
0.325 0.41921
0.3255 0.388194
0.326 0.412207
0.3265 0.402202
0.327 0.402275
0.3275 0.421211
0.328 0.4002
0.3285 0.3992
0.329 0.401201
0.3295 0.384193
0.33 0.376263
0.3305 0.37719
0.331 0.387194
0.3315 0.373188
0.332 0.403202
0.3325 0.421211
0.333 0.403202
0.3335 0.376188
0.334 0.377262
0.3345 0.366184
0.335 0.424286
0.3355 0.375188
0.336 0.377189
0.3365 0.374187
0.337 0.409205
0.3375 0.396198
0.338 0.373187
0.3385 0.382191
0.339 0.372187
0.3395 0.364183
0.34 0.368184
0.3405 0.354177
0.341 0.331166
0.3415 0.376189
0.342 0.385193
0.3425 0.375188
0.343 0.350249
0.3435 0.358179
0.344 0.388195
0.3445 0.331166
0.345 0.356178
0.3455 0.392196
0.346 0.351176
0.3465 0.393197
0.347 0.33917
0.3475 0.385193
0.348 0.372187
0.3485 0.412206
0.349 0.30015
0.3495 0.35818
0.35 0.351176
0.3505 0.369185
0.351 0.360181
0.3515 0.333167
0.352 0.341171
0.3525 0.37819
0.353 0.363182
0.3535 0.349175
0.354 0.363182
0.3545 0.328165
0.355 0.295148
0.3555 0.337169
0.356 0.370185
0.3565 0.348174
0.357 0.350176
0.3575 0.326163
0.358 0.328164
0.3585 0.314157
0.359 0.290145
0.3595 0.338243
0.36 0.303152
0.3605 0.341171
0.361 0.296148
0.3615 0.343172
0.362 0.303152
0.3625 0.369185
0.363 0.30015
0.3635 0.337169
0.364 0.337169
0.3645 0.29915
0.365 0.350176
0.3655 0.352177
0.366 0.364182
0.3665 0.317159
0.367 0.31916
0.3675 0.330166
0.368 0.291146
0.3685 0.331166
0.369 0.311156
0.3695 0.311156
0.37 0.319161
0.3705 0.312156
0.371 0.314157
0.3715 0.349175
0.372 0.312156
0.3725 0.274138
0.373 0.36018
0.3735 0.311156
0.374 0.321161
0.3745 0.267134
0.375 0.327311
0.3755 0.294148
0.376 0.315158
0.3765 0.303152
0.377 0.284142
0.3775 0.311156
0.378 0.31916
0.3785 0.267134
0.379 0.325163
0.3795 0.289145
0.38 0.306153
0.3805 0.30015
0.381 0.293147
0.3815 0.315158
0.382 0.277212
0.3825 0.326164
0.383 0.297149
0.3835 0.288144
0.384 0.315158
0.3845 0.263132
0.385 0.296148
0.3855 0.28014
0.386 0.263132
0.3865 0.30015
0.387 0.28014
0.3875 0.288144
0.388 0.282141
0.3885 0.290145
0.389 0.30015
0.3895 0.309155
0.39 0.284142
0.3905 0.294148
0.391 0.257129
0.3915 0.276139
0.392 0.275138
0.3925 0.290145
0.393 0.281141
0.3935 0.275138
0.394 0.281141
0.3945 0.278213
0.395 0.27914
0.3955 0.28014
0.396 0.270135
0.3965 0.324163
0.397 0.288145
0.3975 0.281141
0.398 0.29322
0.3985 0.299223
0.399 0.295148
0.3995 0.290146
0.4 0.269135
0.4005 0.241121
0.401 0.267134
0.4015 0.270135
0.402 0.274137
0.4025 0.258129
0.403 0.253127
0.4035 0.276139
0.404 0.286143
0.4045 0.288144
0.405 0.274138
0.4055 0.248198
0.406 0.270135
0.4065 0.252126
0.407 0.251126
0.4075 0.282142
0.408 0.218109
0.4085 0.273137
0.409 0.236118
0.4095 0.270136
0.41 0.254127
0.4105 0.238119
0.411 0.271136
0.4115 0.269135
0.412 0.266133
0.4125 0.241121
0.413 0.244122
0.4135 0.273137
0.414 0.233117
0.4145 0.230116
0.415 0.271136
0.4155 0.257129
0.416 0.233117
0.4165 0.256129
0.417 0.235118
0.4175 0.274211
0.418 0.262131
0.4185 0.253127
0.419 0.244123
0.4195 0.247124
0.42 0.249125
0.4205 0.252126
0.421 0.263133
0.4215 0.241121
0.422 0.257129
0.4225 0.233117
0.423 0.254127
0.4235 0.239121
0.424 0.23912
0.4245 0.234117
0.425 0.254127
0.4255 0.232116
0.426 0.251126
0.4265 0.24012
0.427 0.232116
0.4275 0.250125
0.428 0.236119
0.4285 0.243122
0.429 0.232117
0.4295 0.221111
0.43 0.209105
0.4305 0.251126
0.431 0.227114
0.4315 0.258129
0.432 0.228114
0.4325 0.201101
0.433 0.224112
0.4335 0.224112
0.434 0.241195
0.4345 0.251126
0.435 0.226113
0.4355 0.213107
0.436 0.209105
0.4365 0.222111
0.437 0.254127
0.4375 0.223112
0.438 0.211106
0.4385 0.217109
0.439 0.214181
0.4395 0.250125
0.44 0.212106
0.4405 0.21911
0.441 0.225113
0.4415 0.230115
0.442 0.249125
0.4425 0.234117
0.443 0.227114
0.4435 0.244122
0.444 0.248125
0.4445 0.210105
0.445 0.213107
0.4455 0.201101
0.446 0.233117
0.4465 0.213107
0.447 0.224112
0.4475 0.211106
0.448 0.244122
0.4485 0.221111
0.449 0.183093
0.4495 0.214107
0.45 0.227188
0.4505 0.222111
0.451 0.191096
0.4515 0.216108
0.452 0.232116
0.4525 0.213107
0.453 0.212107
0.4535 0.196098
0.454 0.231116
0.4545 0.230115
0.455 0.21911
0.4555 0.224186
0.456 0.24012
0.4565 0.201101
0.457 0.221111
0.4575 0.226114
0.458 0.235118
0.4585 0.1991
0.459 0.202101
0.4595 0.206103
0.46 0.204102
0.4605 0.234117
0.461 0.22011
0.4615 0.189095
0.462 0.212106
0.4625 0.198099
0.463 0.222111
0.4635 0.196098
0.464 0.218109
0.4645 0.209105
0.465 0.225113
0.4655 0.198099
0.466 0.204102
0.4665 0.226113
0.467 0.208104
0.4675 0.209105
0.468 0.206103
0.4685 0.206103
0.469 0.192096
0.4695 0.198099
0.47 0.192097
0.4705 0.203102
0.471 0.186093
0.4715 0.207105
0.472 0.177162
0.4725 0.16008
0.473 0.187094
0.4735 0.206103
0.474 0.185093
0.4745 0.224112
0.475 0.198099
0.4755 0.188095
0.476 0.187094
0.4765 0.207104
0.477 0.211106
0.4775 0.180091
0.478 0.207104
0.4785 0.172086
0.479 0.176088
0.4795 0.181091
0.48 0.185093
0.4805 0.175088
0.481 0.184093
0.4815 0.185093
0.482 0.201101
0.4825 0.191096
0.483 0.174087
0.4835 0.176088
0.484 0.193097
0.4845 0.188094
0.485 0.18009
0.4855 0.181091
0.486 0.197099
0.4865 0.195098
0.487 0.200101
0.4875 0.182092
0.488 0.173087
0.4885 0.181091
0.489 0.179091
0.4895 0.204102
0.49 0.201101
0.4905 0.186094
0.491 0.192096
0.4915 0.147074
0.492 0.165083
0.4925 0.187094
0.493 0.194097
0.4935 0.202101
0.494 0.187094
0.4945 0.166083
0.495 0.178089
0.4955 0.18009
0.496 0.202101
0.4965 0.178163
0.497 0.168084
0.4975 0.169085
0.498 0.189095
0.4985 0.17909
0.499 0.188094
0.4995 0.154077
0.5 0.329165
0.5005 0
0.501 0.365183
0.5015 0
0.502 0.329165
0.5025 0
0.503 0.344172
0.5035 0
0.504 0.342171
0.5045 0
0.505 0.306153
0.5055 0.0010005
0.506 0.321161
0.5065 0
0.507 0.351176
0.5075 0
0.508 0.340171
0.5085 0
0.509 0.336242
0.5095 0
0.51 0.337169
0.5105 0
0.511 0.347174
0.5115 0
0.512 0.184092
0.5125 0.136068
0.513 0.165083
0.5135 0.171086
0.514 0.155078
0.5145 0.163082
0.515 0.136068
0.5155 0.144072
0.516 0.170085
0.5165 0.169085
0.517 0.157079
0.5175 0.144072
0.518 0.178089
0.5185 0.164082
0.519 0.170085
0.5195 0.160081
0.52 0.16008
0.5205 0.170159
0.521 0.155078
0.5215 0.148074
0.522 0.18009
0.5225 0.154078
0.523 0.151076
0.5235 0.172086
0.524 0.151076
0.5245 0.17316
0.525 0.164082
0.5255 0.149075
0.526 0.174087
0.5265 0.147074
0.527 0.155078
0.5275 0.166083
0.528 0.162081
0.5285 0.143072
0.529 0.164082
0.5295 0.184092
0.53 0.187094
0.5305 0.147074
0.531 0.168084
0.5315 0.145073
0.532 0.154077
0.5325 0.153077
0.533 0.149075
0.5335 0.166083
0.534 0.149075
0.5345 0.154151
0.535 0.164082
0.5355 0.144073
0.536 0.185093
0.5365 0.154077
0.537 0.153077
0.5375 0.143145
0.538 0.160081
0.5385 0.166083
0.539 0.135068
0.5395 0.137069
0.54 0.163082
0.5405 0.152077
0.541 0.137069
0.5415 0.144072
0.542 0.171086
0.5425 0.172087
0.543 0.182091
0.5435 0.143072
0.544 0.151076
0.5445 0.153077
0.545 0.142071
0.5455 0.157152
0.546 0.149075
0.5465 0.156078
0.547 0.141071
0.5475 0.167084
0.548 0.14007
0.5485 0.153077
0.549 0.126063
0.5495 0.165083
0.55 0.13907
0.5505 0.153077
0.551 0.13807
0.5515 0.135068
0.552 0.127064
0.5525 0.153077
0.553 0.13907
0.5535 0.164082
0.554 0.153077
0.5545 0.137069
0.555 0.144073
0.5555 0.125063
0.556 0.127064
0.5565 0.144072
0.557 0.163082
0.5575 0.124062
0.558 0.155079
0.5585 0.126063
0.559 0.144072
0.5595 0.124062
0.56 0.153077
0.5605 0.134067
0.561 0.143072
0.5615 0.137069
0.562 0.11906
0.5625 0.142072
0.563 0.142071
0.5635 0.132066
0.564 0.132066
0.5645 0.135068
0.565 0.145073
0.5655 0.131066
0.566 0.145073
0.5665 0.13907
0.567 0.136068
0.5675 0.144072
0.568 0.115058
0.5685 0.144072
0.569 0.144073
0.5695 0.129138
0.57 0.134068
0.5705 0.133067
0.571 0.153077
0.5715 0.146073
0.572 0.142071
0.5725 0.153077
0.573 0.126063
0.5735 0.128064
0.574 0.135068
0.5745 0.115058
0.575 0.174087
0.5755 0.128065
0.576 0.13907
0.5765 0.132066
0.577 0.13907
0.5775 0.137142
0.578 0.142071
0.5785 0.117059
0.579 0.14007
0.5795 0.104199
0.58 0.135068
0.5805 0.135068
0.581 0.124062
0.5815 0.126063
0.582 0.128064
0.5825 0.142071
0.583 0.104052
0.5835 0.140144
0.584 0.157079
0.5845 0.126063
0.585 0.129065
0.5855 0.112056
0.586 0.131066
0.5865 0.122061
0.587 0.132066
0.5875 0.132066
0.588 0.126063
0.5885 0.122061
0.589 0.131066
0.5895 0.127137
0.59 0.125063
0.5905 0.128064
0.591 0.146073
0.5915 0.127137
0.592 0.122061
0.5925 0.132067
0.593 0.132066
0.5935 0.128138
0.594 0.130065
0.5945 0.126063
0.595 0.150075
0.5955 0.12006
0.596 0.104052
0.5965 0.127064
0.597 0.121061
0.5975 0.127064
0.598 0.124062
0.5985 0.132066
0.599 0.130065
0.5995 0.112056
0.6 0.118059
0.6005 0.123062
0.601 0.0970485
0.6015 0.102125
0.602 0.110055
0.6025 0.117059
0.603 0.123062
0.6035 0.115058
0.604 0.107054
0.6045 0.11906
0.605 0.124062
0.6055 0.102051
0.606 0.114057
0.6065 0.109055
0.607 0.115058
0.6075 0.125063
0.608 0.118059
0.6085 0.114057
0.609 0.115058
0.6095 0.128064
0.61 0.123062
0.6105 0.114057
0.611 0.102052
0.6115 0.104052
0.612 0.118059
0.6125 0.112056
0.613 0.124063
0.6135 0.117059
0.614 0.127064
0.6145 0.129065
0.615 0.136068
0.6155 0.108054
0.616 0.132066
0.6165 0.0970485
0.617 0.129065
0.6175 0.130065
0.618 0.105053
0.6185 0.108054
0.619 0.112056
0.6195 0.114057
0.62 0.121061
0.6205 0.116058
0.621 0.114057
0.6215 0.116058
0.622 0.094047
0.6225 0.109055
0.623 0.108054
0.6235 0.113057
0.624 0.123062
0.6245 0.122061
0.625 0.112056
0.6255 0.123062
0.626 0.113057
0.6265 0.107054
0.627 0.088044
0.6275 0.128064
0.628 0.114057
0.6285 0.126063
0.629 0.0990495
0.6295 0.105053
0.63 0.107054
0.6305 0.0970485
0.631 0.105053
0.6315 0.107054
0.632 0.108054
0.6325 0.098049
0.633 0.0970485
0.6335 0.0950475
0.634 0.105053
0.6345 0.109055
0.635 0.127064
0.6355 0.103052
0.636 0.106053
0.6365 0.112056
0.637 0.104052
0.6375 0.098049
0.638 0.121061
0.6385 0.115058
0.639 0.101051
0.6395 0.0910455
0.64 0.114057
0.6405 0.0980495
0.641 0.0910455
0.6415 0.115058
0.642 0.0850425
0.6425 0.103052
0.643 0.094047
0.6435 0.106053
0.644 0.118059
0.6445 0.128064
0.645 0.0870435
0.6455 0.0990495
0.646 0.113057
0.6465 0.111056
0.647 0.105053
0.6475 0.121061
0.648 0.10005
0.6485 0.101051
0.649 0.086043
0.6495 0.0990495
0.65 0.101051
0.6505 0.111056
0.651 0.105053
0.6515 0.096048
0.652 0.096048
0.6525 0.0990495
0.653 0.107054
0.6535 0.110055
0.654 0.094047
0.6545 0.0960485
0.655 0.121061
0.6555 0.101051
0.656 0.0950475
0.6565 0.092046
0.657 0.092046
0.6575 0.098049
0.658 0.107127
0.6585 0.11906
0.659 0.098049
0.6595 0.0990495
0.66 0.096048
0.6605 0.106053
0.661 0.10005
0.6615 0.0970485
0.662 0.112056
0.6625 0.116059
0.663 0.109055
0.6635 0.116058
0.664 0.11906
0.6645 0.115058
0.665 0.10005
0.6655 0.109055
0.666 0.0970485
0.6665 0.0970485
0.667 0.0950475
0.6675 0.084042
0.668 0.097049
0.6685 0.0990495
0.669 0.092046
0.6695 0.076038
0.67 0.096048
0.6705 0.078039
0.671 0.101051
0.6715 0.094047
0.672 0.122061
0.6725 0.092046
0.673 0.0870435
0.6735 0.098049
0.674 0.118059
0.6745 0.0961217
0.675 0.10005
0.6755 0.107054
0.676 0.0750375
0.6765 0.088044
0.677 0.103052
0.6775 0.0910455
0.678 0.092046
0.6785 0.084042
0.679 0.086043
0.6795 0.0900455
0.68 0.094047
0.6805 0.0830415
0.681 0.106127
0.6815 0.104052
0.682 0.0990495
0.6825 0.0990495
0.683 0.0850425
0.6835 0.094047
0.684 0.100051
0.6845 0.095048
0.685 0.101051
0.6855 0.0950475
0.686 0.096048
0.6865 0.096048
0.687 0.0890445
0.6875 0.101051
0.688 0.101051
0.6885 0.113057
0.689 0.10005
0.6895 0.0820415
0.69 0.103052
0.6905 0.0870435
0.691 0.092046
0.6915 0.0970485
0.692 0.0990495
0.6925 0.0750385
0.693 0.0870435
0.6935 0.108054
0.694 0.094047
0.6945 0.110055
0.695 0.095048
0.6955 0.10005
0.696 0.0850425
0.6965 0.094047
0.697 0.0890445
0.6975 0.097049
0.698 0.0900455
0.6985 0.0790395
0.699 0.090045
0.6995 0.0970485
0.7 0.0850425
0.7005 0.082041
0.701 0.084042
0.7015 0.092046
0.702 0.0730365
0.7025 0.078039
0.703 0.098049
0.7035 0.108054
0.704 0.098049
0.7045 0.0910455
0.705 0.0930465
0.7055 0.0850425
0.706 0.102051
0.7065 0.093047
0.707 0.094047
0.7075 0.092046
0.708 0.0810405
0.7085 0.088044
0.709 0.078039
0.7095 0.0970485
0.71 0.082041
0.7105 0.0890445
0.711 0.10005
0.7115 0.0790395
0.712 0.0810405
0.7125 0.0770385
0.713 0.098049
0.7135 0.068034
0.714 0.08004
0.7145 0.0810405
0.715 0.107054
0.7155 0.0910455
0.716 0.088044
0.7165 0.0770385
0.717 0.0810405
0.7175 0.105053
0.718 0.0930465
0.7185 0.103052
0.719 0.0790395
0.7195 0.08004
0.72 0.082041
0.7205 0.0810405
0.721 0.07904
0.7215 0.0850425
0.722 0.0690345
0.7225 0.0910455
0.723 0.078039
0.7235 0.0870435
0.724 0.072036
0.7245 0.0810405
0.725 0.0750385
0.7255 0.0670335
0.726 0.0880445
0.7265 0.10005
0.727 0.0910455
0.7275 0.0930465
0.728 0.086043
0.7285 0.082041
0.729 0.071036
0.7295 0.104052
0.73 0.0750375
0.7305 0.084042
0.731 0.08004
0.7315 0.0770385
0.732 0.0830415
0.7325 0.082041
0.733 0.0710355
0.7335 0.078039
0.734 0.083042
0.7345 0.078039
0.735 0.0730365
0.7355 0.090045
0.736 0.0650325
0.7365 0.0850425
0.737 0.102051
0.7375 0.0710355
0.738 0.0790395
0.7385 0.070035
0.739 0.0800405
0.7395 0.084042
0.74 0.070035
0.7405 0.102125
0.741 0.0760385
0.7415 0.072036
0.742 0.0950475
0.7425 0.088044
0.743 0.081041
0.7435 0.08004
0.744 0.086043
0.7445 0.0910455
0.745 0.0740375
0.7455 0.113057
0.746 0.058029
0.7465 0.074037
0.747 0.072036
0.7475 0.0730365
0.748 0.08004
0.7485 0.058029
0.749 0.0650325
0.7495 0.0770385
0.75 0.0810405
0.7505 0.084042
0.751 0.0870435
0.7515 0.0861167
0.752 0.096048
0.7525 0.070035
0.753 0.0880445
0.7535 0.0820415
0.754 0.0750375
0.7545 0.06003
0.755 0.0810405
0.7555 0.078039
0.756 0.0810405
0.7565 0.0690345
0.757 0.096048
0.7575 0.070035
0.758 0.058029
0.7585 0.0830415
0.759 0.0910455
0.7595 0.088044
0.76 0.072036
0.7605 0.0510255
0.761 0.078039
0.7615 0.0710355
0.762 0.0810405
0.7625 0.0870435
0.763 0.082041
0.7635 0.0910455
0.764 0.097049
0.7645 0.070035
0.765 0.082041
0.7655 0.0790395
0.766 0.070035
0.7665 0.0630315
0.767 0.0830415
0.7675 0.078039
0.768 0.084042
0.7685 0.0650325
0.769 0.086043
0.7695 0.078039
0.77 0.078039
0.7705 0.072036
0.771 0.071036
0.7715 0.0710355
0.772 0.082041
0.7725 0.0830415
0.773 0.082041
0.7735 0.0530265
0.774 0.0730365
0.7745 0.082041
0.775 0.06003
0.7755 0.08004
0.776 0.0850425
0.7765 0.066033
0.777 0.0750375
0.7775 0.0630315
0.778 0.090045
0.7785 0.0850425
0.779 0.084042
0.7795 0.0710355
0.78 0.0670335
0.7805 0.0650325
0.781 0.0690345
0.7815 0.076038
0.782 0.0710355
0.7825 0.0730365
0.783 0.0850425
0.7835 0.0650325
0.784 0.0690345
0.7845 0.0750375
0.785 0.062031
0.7855 0.076038
0.786 0.082041
0.7865 0.0790395
0.787 0.084042
0.7875 0.08004
0.788 0.0730365
0.7885 0.0910455
0.789 0.078039
0.7895 0.08004
0.79 0.068034
0.7905 0.0750375
0.791 0.0560285
0.7915 0.062031
0.792 0.0710355
0.7925 0.070035
0.793 0.0790395
0.7935 0.0670335
0.794 0.066033
0.7945 0.0610305
0.795 0.068034
0.7955 0.0770385
0.796 0.0670335
0.7965 0.0690345
0.797 0.0750375
0.7975 0.0690345
0.798 0.0630315
0.7985 0.082041
0.799 0.064032
0.7995 0.0510255
0.8 0.0790395
0.8005 0.070035
0.801 0.0730365
0.8015 0.072036
0.802 0.0730365
0.8025 0.088044
0.803 0.0630315
0.8035 0.0830415
0.804 0.082041
0.8045 0.0810405
0.805 0.052026
0.8055 0.066033
0.806 0.0771127
0.8065 0.056028
0.807 0.072036
0.8075 0.066033
0.808 0.0850425
0.8085 0.064032
0.809 0.0811142
0.8095 0.0690345
0.81 0.062031
0.8105 0.082041
0.811 0.070035
0.8115 0.062031
0.812 0.056028
0.8125 0.062031
0.813 0.058029
0.8135 0.0670335
0.814 0.0570285
0.8145 0.0670335
0.815 0.082041
0.8155 0.0590295
0.816 0.068034
0.8165 0.0530265
0.817 0.046023
0.8175 0.0690345
0.818 0.0610305
0.8185 0.0730365
0.819 0.050025
0.8195 0.056028
0.82 0.068034
0.8205 0.058029
0.821 0.0650325
0.8215 0.0810405
0.822 0.070035
0.8225 0.0690345
0.823 0.0550275
0.8235 0.0610305
0.824 0.072036
0.8245 0.058029
0.825 0.0730365
0.8255 0.0630315
0.826 0.0530265
0.8265 0.0810405
0.827 0.0530265
0.8275 0.0650325
0.828 0.052026
0.8285 0.0630315
0.829 0.064032
0.8295 0.0690345
0.83 0.046023
0.8305 0.0610305
0.831 0.05903
0.8315 0.0630315
0.832 0.064032
0.8325 0.072036
0.833 0.0610305
0.8335 0.0590295
0.834 0.067034
0.8345 0.054027
0.835 0.0670335
0.8355 0.062031
0.836 0.054027
0.8365 0.066033
0.837 0.0470235
0.8375 0.0570285
0.838 0.068034
0.8385 0.074037
0.839 0.0750375
0.8395 0.0580295
0.84 0.048024
0.8405 0.062031
0.841 0.066033
0.8415 0.0570285
0.842 0.054027
0.8425 0.050025
0.843 0.0681077
0.8435 0.0610305
0.844 0.066033
0.8445 0.0730365
0.845 0.0510255
0.8455 0.0630315
0.846 0.0510255
0.8465 0.074037
0.847 0.0630315
0.8475 0.0470235
0.848 0.066033
0.8485 0.058029
0.849 0.0590295
0.8495 0.054027
0.85 0.0670335
0.8505 0.0710355
0.851 0.0590295
0.8515 0.0700355
0.852 0.068034
0.8525 0.062031
0.853 0.072036
0.8535 0.0710355
0.854 0.0590295
0.8545 0.0730365
0.855 0.072036
0.8555 0.0470235
0.856 0.062031
0.8565 0.0630315
0.857 0.0450225
0.8575 0.068034
0.858 0.0550275
0.8585 0.056028
0.859 0.064032
0.8595 0.068034
0.86 0.058029
0.8605 0.0690345
0.861 0.056028
0.8615 0.0570285
0.862 0.066033
0.8625 0.054027
0.863 0.0650325
0.8635 0.0710355
0.864 0.056028
0.8645 0.056028
0.865 0.066033
0.8655 0.05903
0.866 0.058029
0.8665 0.0570285
0.867 0.0570285
0.8675 0.054027
0.868 0.0630315
0.8685 0.0630315
0.869 0.0570285
0.8695 0.046023
0.87 0.062031
0.8705 0.0670335
0.871 0.057029
0.8715 0.0550275
0.872 0.0650325
0.8725 0.062031
0.873 0.0490245
0.8735 0.062031
0.874 0.052026
0.8745 0.06003
0.875 0.052026
0.8755 0.052026
0.876 0.044022
0.8765 0.071036
0.877 0.062031
0.8775 0.06003
0.878 0.051026
0.8785 0.052026
0.879 0.062031
0.8795 0.064032
0.88 0.0630315
0.8805 0.0530265
0.881 0.0410205
0.8815 0.0630315
0.882 0.050025
0.8825 0.0690345
0.883 0.0550275
0.8835 0.052026
0.884 0.0530265
0.8845 0.0690345
0.885 0.0470235
0.8855 0.072036
0.886 0.066033
0.8865 0.044022
0.887 0.0650325
0.8875 0.044022
0.888 0.042021
0.8885 0.074037
0.889 0.0530265
0.8895 0.0550275
0.89 0.0530265
0.8905 0.0650325
0.891 0.0690345
0.8915 0.0550275
0.892 0.050025
0.8925 0.052026
0.893 0.06003
0.8935 0.076038
0.894 0.050025
0.8945 0.0570285
0.895 0.0650325
0.8955 0.054027
0.896 0.0490245
0.8965 0.04002
0.897 0.0570285
0.8975 0.0611042
0.898 0.0430215
0.8985 0.06003
0.899 0.0550275
0.8995 0.0590295
0.9 0.056028
0.9005 0.044022
0.901 0.0540275
0.9015 0.053027
0.902 0.0490245
0.9025 0.06003
0.903 0.0810415
0.9035 0.047024
0.904 0.06003
0.9045 0.054027
0.905 0.052026
0.9055 0.036018
0.906 0.0530265
0.9065 0.0470235
0.907 0.0350175
0.9075 0.058029
0.908 0.0490245
0.9085 0.0650325
0.909 0.064032
0.9095 0.051026
0.91 0.06003
0.9105 0.0570285
0.911 0.0470235
0.9115 0.0570285
0.912 0.052026
0.9125 0.0530265
0.913 0.0570285
0.9135 0.056028
0.914 0.0470235
0.9145 0.050025
0.915 0.0530265
0.9155 0.06003
0.916 0.0580295
0.9165 0.052026
0.917 0.0550275
0.9175 0.0410205
0.918 0.0510255
0.9185 0.0470235
0.919 0.0570285
0.9195 0.054027
0.92 0.048024
0.9205 0.058029
0.921 0.054027
0.9215 0.049025
0.922 0.062031
0.9225 0.052026
0.923 0.0410205
0.9235 0.0630315
0.924 0.064032
0.9245 0.054027
0.925 0.046023
0.9255 0.048024
0.926 0.0390195
0.9265 0.056028
0.927 0.062031
0.9275 0.052026
0.928 0.0530265
0.9285 0.0410205
0.929 0.058029
0.9295 0.042021
0.93 0.0610305
0.9305 0.048024
0.931 0.0470235
0.9315 0.0590295
0.932 0.0530265
0.9325 0.0410205
0.933 0.0530265
0.9335 0.0580295
0.934 0.062031
0.9345 0.038019
0.935 0.0470235
0.9355 0.038019
0.936 0.032016
0.9365 0.06003
0.937 0.062031
0.9375 0.050025
0.938 0.0570285
0.9385 0.0610305
0.939 0.0490245
0.9395 0.0490245
0.94 0.050025
0.9405 0.0370185
0.941 0.0560285
0.9415 0.0510255
0.942 0.0450962
0.9425 0.048024
0.943 0.0490245
0.9435 0.0370185
0.944 0.068034
0.9445 0.0590295
0.945 0.064032
0.9455 0.054027
0.946 0.0550275
0.9465 0.0530265
0.947 0.0570285
0.9475 0.045023
0.948 0.0550275
0.9485 0.0490245
0.949 0.06003
0.9495 0.0470235
0.95 0.0570285
0.9505 0.0610305
0.951 0.0630315
0.9515 0.050025
0.952 0.054027
0.9525 0.058029
0.953 0.054027
0.9535 0.048024
0.954 0.0510255
0.9545 0.038019
0.955 0.050025
0.9555 0.06003
0.956 0.044022
0.9565 0.0541007
0.957 0.064032
0.9575 0.044022
0.958 0.05903
0.9585 0.0550275
0.959 0.056028
0.9595 0.050025
0.96 0.050025
0.9605 0.0440225
0.961 0.042021
0.9615 0.0531002
0.962 0.0450225
0.9625 0.0530265
0.963 0.0490245
0.9635 0.0390195
0.964 0.046023
0.9645 0.0450225
0.965 0.0480977
0.9655 0.0490245
0.966 0.0350175
0.9665 0.046023
0.967 0.0450225
0.9675 0.0550275
0.968 0.0490245
0.9685 0.0410205
0.969 0.056028
0.9695 0.036018
0.97 0.0450225
0.9705 0.0570285
0.971 0.0510255
0.9715 0.0410205
0.972 0.048024
0.9725 0.050025
0.973 0.053027
0.9735 0.042021
0.974 0.0510255
0.9745 0.038019
0.975 0.058029
0.9755 0.0410205
0.976 0.0570285
0.9765 0.0490245
0.977 0.048024
0.9775 0.0390195
0.978 0.052026
0.9785 0.042021
0.979 0.054027
0.9795 0.0470235
0.98 0.0430215
0.9805 0.034017
0.981 0.0430215
0.9815 0.054027
0.982 0.047024
0.9825 0.052026
0.983 0.054027
0.9835 0.042021
0.984 0.0590295
0.9845 0.0400937
0.985 0.0610305
0.9855 0.0470235
0.986 0.044022
0.9865 0.0470235
0.987 0.054027
0.9875 0.0470235
0.988 0.036018
0.9885 0.0410205
0.989 0.0430215
0.9895 0.0350175
0.99 0.0390195
0.9905 0.0370185
0.991 0.048024
0.9915 0.0510255
0.992 0.0310155
0.9925 0.048024
0.993 0.0490245
0.9935 0.048024
0.994 0.0390195
0.9945 0.04002
0.995 0.044022
0.9955 0.04002
0.996 0.044022
0.9965 0.0370185
0.997 0.0390195
0.9975 0.0470235
0.998 0.0350175
0.9985 0.038019
0.999 0.0390195
0.9995 2000.81
1.0 0
