0.0 4.03835
0.0005 5457.73
0.001 2044.57
0.0015 0
0.002 1345.55
0.0025 937.027
0.003 0
0.0035 702.873
0.004 549.777
0.0045 0
0.005 450.99
0.0055 373.698
0.006 0
0.0065 318.3
0.007 277.366
0.0075 0
0.008 240.153
0.0085 211.259
0.009 0
0.0095 186.992
0.01 168.153
0.0105 0
0.011 151.902
0.0115 137.047
0.012 0
0.0125 124.794
0.013 114.482
0.0135 0
0.014 105.454
0.0145 95.6298
0.015 0
0.0155 90.4233
0.016 83.7924
0.0165 0
0.017 77.8644
0.0175 72.4443
0.018 0
0.0185 68.3711
0.019 63.6609
0.0195 0
0.02 59.9755
0.0205 56.5655
0.021 53.071
0.0215 0
0.022 50.2594
0.0225 46.7341
0.023 0
0.0235 45.3455
0.024 42.6451
0.0245 0
0.025 40.3567
0.0255 37.797
0.026 0
0.0265 36.2871
0.027 35.4954
0.0275 0
0.028 33.4342
0.0285 31.5354
0.029 0
0.0295 32.5154
0.03 29.5116
0.0305 0
0.031 28.1673
0.0315 26.7303
0.032 0
0.0325 25.8636
0.033 24.596
0.0335 0
0.034 23.8375
0.0345 23.4164
0.035 0
0.0355 22.1275
0.036 21.8107
0.0365 0
0.037 20.6149
0.0375 19.8309
0.038 0
0.0385 19.1993
0.039 18.5063
0.0395 0
0.04 17.7161
0.0405 17.3286
0.041 0
0.0415 16.6008
0.042 16.1829
0.0425 15.8861
0.043 0
0.0435 15.3306
0.044 14.7033
0.0445 0
0.045 14.4303
0.0455 13.9302
0.046 0
0.0465 13.2452
0.047 13.2868
0.0475 0
0.048 12.9908
0.0485 12.3957
0.049 0
0.0495 11.962
0.05 11.4128
0.0505 0
0.051 11.864
0.0515 11.2303
0.052 0
0.0525 10.958
0.053 10.5826
0.0535 0
0.054 10.4113
0.0545 10.1408
0.055 0
0.0555 9.58358
0.056 9.56394
0.0565 0
0.057 9.1804
0.0575 8.94636
0.058 0
0.0585 9.01957
0.059 8.80881
0.0595 0
0.06 8.44948
0.0605 8.0852
0.061 0
0.0615 9.94268
0.062 7.99807
0.0625 0
0.063 7.84233
0.0635 7.7334
0.064 7.42645
0.0645 0
0.065 7.42567
0.0655 7.38461
0.066 0
0.0665 7.10798
0.067 6.52108
0.0675 0
0.068 6.8122
0.0685 6.44928
0.069 0
0.0695 6.32231
0.07 6.57467
0.0705 0
0.071 6.22496
0.0715 5.82122
0.072 0
0.0725 6.15726
0.073 5.70607
0.0735 0
0.074 5.83192
0.0745 5.47752
0.075 0
0.0755 5.4998
0.076 5.41161
0.0765 0
0.077 5.39428
0.0775 5.11016
0.078 0
0.0785 4.91494
0.079 4.82619
0.0795 0
0.08 4.93357
0.0805 4.71396
0.081 0
0.0815 4.74372
0.082 4.48818
0.0825 0
0.083 4.7083
0.0835 4.42528
0.084 0
0.0845 4.23818
0.085 4.10218
0.0855 3.91333
0.086 0
0.0865 4.17888
0.087 4.01543
0.0875 0
0.088 3.96842
0.0885 3.81806
0.089 0
0.0895 3.75755
0.09 3.77855
0.0905 0
0.091 3.6408
0.0915 3.69253
0.092 0
0.0925 3.51006
0.093 3.53043
0.0935 0
0.094 3.53212
0.0945 3.46114
0.095 0
0.0955 3.37374
0.096 3.34019
0.0965 0
0.097 3.12274
0.0975 3.24502
0.098 0
0.0985 3.05204
0.099 3.25395
0.0995 0
0.1 3.05438
0.1005 3.06181
0.101 0
0.1015 2.94341
0.102 3.12473
0.1025 0
0.103 2.99194
0.1035 2.86618
0.104 0
0.1045 2.84336
0.105 2.8408
0.1055 0
0.106 2.6741
0.1065 2.685
0.107 2.60931
0.1075 0
0.108 2.55952
0.1085 2.56855
0.109 0
0.1095 2.52299
0.11 2.57204
0.1105 0
0.111 2.41206
0.1115 2.37262
0.112 0
0.1125 2.35995
0.113 2.32818
0.1135 0
0.114 2.23125
0.1145 2.49681
0.115 0
0.1155 2.2118
0.116 2.39869
0.1165 0
0.117 2.21376
0.1175 2.4602
0.118 0
0.1185 2.08729
0.119 2.13868
0.1195 0
0.12 2.17462
0.1205 2.11209
0.121 0
0.1215 2.11993
0.122 2.08571
0.1225 0
0.123 2.08036
0.1235 1.8614
0.124 0
0.1245 2.02814
0.125 2.02536
0.1255 0
0.126 1.95686
0.1265 1.91742
0.127 0
0.1275 1.87921
0.128 1.72678
0.1285 1.72656
0.129 0
0.1295 1.81987
0.13 1.70773
0.1305 0
0.131 1.72335
0.1315 1.71694
0.132 0
0.1325 1.80676
0.133 1.70012
0.1335 0
0.134 1.69232
0.1345 1.71415
0.135 0
0.1355 1.54294
0.136 1.6832
0.1365 0
0.137 1.57549
0.1375 1.65531
0.138 0
0.1385 1.52911
0.139 1.42228
0.1395 0
0.14 1.54891
0.1405 1.51827
0.141 0
0.1415 1.51498
0.142 1.52086
0.1425 0
0.143 1.55661
0.1435 1.53383
0.144 0
0.1445 1.48891
0.145 1.50315
0.1455 0
0.146 1.50316
0.1465 1.48844
0.147 0
0.1475 1.24793
0.148 1.43564
0.1485 1.21983
0.149 0
0.1495 1.26239
0.15 1.22653
0.1505 0
0.151 1.2173
0.1515 1.38033
0.152 0
0.1525 1.31732
0.153 1.28407
0.1535 0
0.154 1.30928
0.1545 1.34403
0.155 0
0.1555 1.1817
0.156 1.20827
0.1565 0
0.157 1.24656
0.1575 1.34398
0.158 0
0.1585 1.25162
0.159 1.20284
0.1595 0
0.16 1.16925
0.1605 1.16573
0.161 0
0.1615 1.2157
0.162 1.21348
0.1625 0
0.163 1.11932
0.1635 1.16573
0.164 0
0.1645 1.08181
0.165 1.07471
0.1655 0
0.166 1.2092
0.1665 1.13448
0.167 0
0.1675 1.06424
0.168 1.14594
0.1685 0
0.169 1.07993
0.1695 0.968912
0.17 1.16127
0.1705 0
0.171 1.09446
0.1715 1.01365
0.172 0
0.1725 1.05125
0.173 0.988749
0.1735 0
0.174 0.935594
0.1745 0.927799
0.175 0
0.1755 1.06631
0.176 0.798385
0.1765 0
0.177 1.0063
0.1775 0.896217
0.178 0
0.1785 0.902428
0.179 0.952556
0.1795 0
0.18 0.958462
0.1805 0.919559
0.181 0
0.1815 0.859187
0.182 0.886127
0.1825 0
0.183 0.82847
0.1835 0.928212
0.184 0
0.1845 0.930051
0.185 0.958451
0.1855 0
0.186 0.816036
0.1865 0.76486
0.187 0
0.1875 0.852321
0.188 0.782065
0.1885 0
0.189 0.883991
0.1895 0.834235
0.19 0
0.1905 0.860944
0.191 0.835242
0.1915 0.776044
0.192 0
0.1925 0.831669
0.193 0.821979
0.1935 0
0.194 0.852821
0.1945 0.786102
0.195 0
0.1955 0.799258
0.196 0.818404
0.1965 0
0.197 0.718076
0.1975 0.745799
0.198 0
0.1985 0.712481
0.199 0.696785
0.1995 0
0.2 0.699018
0.2005 0.72766
0.201 0
0.2015 0.709782
0.202 0.711281
0.2025 0
0.203 0.832809
0.2035 0.794907
0.204 0
0.2045 0.713614
0.205 0.840202
0.2055 0
0.206 0.650073
0.2065 0.635585
0.207 0
0.2075 0.729236
0.208 0.778694
0.2085 0
0.209 0.684687
0.2095 0.719041
0.21 0
0.2105 0.604437
0.211 0.625316
0.2115 0
0.212 0.65687
0.2125 0.671774
0.213 0.701396
0.2135 0
0.214 0.58509
0.2145 0.624526
0.215 0
0.2155 0.566656
0.216 0.615302
0.2165 0
0.217 0.578858
0.2175 0.643101
0.218 0
0.2185 0.588132
0.219 0.630482
0.2195 0
0.22 0.548901
0.2205 0.564038
0.221 0
0.2215 0.575169
0.222 0.569428
0.2225 0
0.223 0.567934
0.2235 0.573261
0.224 0
0.2245 0.493456
0.225 0.627038
0.2255 0
0.226 0.587595
0.2265 0.60661
0.227 0
0.2275 0.506972
0.228 0.493641
0.2285 0
0.229 0.539271
0.2295 0.544028
0.23 0
0.2305 0.620934
0.231 0.582762
0.2315 0
0.232 0.566938
0.2325 0.501438
0.233 0
0.2335 0.550421
0.234 0.52165
0.2345 0.622157
0.235 0
0.2355 0.522184
0.236 0.564367
0.2365 0
0.237 0.570628
0.2375 0.519085
0.238 0
0.2385 0.510859
0.239 0.484031
0.2395 0
0.24 0.481929
0.2405 0.523006
0.241 0
0.2415 0.532468
0.242 0.490855
0.2425 0
0.243 0.507783
0.2435 0.527077
0.244 0
0.2445 0.406136
0.245 0.432991
0.2455 0
0.246 0.448756
0.2465 0.432979
0.247 0
0.2475 0.446468
0.248 0.408686
0.2485 0
0.249 0.503244
0.2495 0.400836
0.25 0
0.2505 0.457412
0.251 0.587715
0.2515 0
0.252 0.44527
0.2525 0.436622
0.253 0
0.2535 0.475377
0.254 0.428382
0.2545 0
0.255 0.486767
0.2555 0.464496
0.256 0.441704
0.2565 0
0.257 0.496072
0.2575 0.470126
0.258 0
0.2585 0.369996
0.259 0.431318
0.2595 0
0.26 0.374333
0.2605 0.487765
0.261 0
0.2615 0.436468
0.262 0.378338
0.2625 0
0.263 0.41899
0.2635 0.369974
0.264 0
0.2645 0.383699
0.265 0.410597
0.2655 0
0.266 0.451694
0.2665 0.427279
0.267 0
0.2675 0.366582
0.268 0.38599
0.2685 0
0.269 0.349563
0.2695 0.438837
0.27 0
0.2705 0.358651
0.271 0.393305
0.2715 0
0.272 0.441558
0.2725 0.351713
0.273 0
0.2735 0.374166
0.274 0.396724
0.2745 0
0.275 0.430767
0.2755 0.332348
0.276 0
0.2765 0.370008
0.277 0.339469
0.2775 0.429873
0.278 0
0.2785 0.326547
0.279 0.406193
0.2795 0
0.28 0.344859
0.2805 0.329186
0.281 0
0.2815 0.321984
0.282 0.332595
0.2825 0
0.283 0.290231
0.2835 0.357521
0.284 0
0.2845 0.341464
0.285 0.355711
0.2855 0
0.286 0.356106
0.2865 0.334545
0.287 0
0.2875 0.295453
0.288 0.320724
0.2885 0
0.289 0.30869
0.2895 0.360721
0.29 0
0.2905 0.241273
0.291 0.320989
0.2915 0
0.292 0.351143
0.2925 0.373243
0.293 0
0.2935 0.330025
0.294 0.290477
0.2945 0
0.295 0.327514
0.2955 0.266637
0.296 0
0.2965 0.329875
0.297 0.279291
0.2975 0.374702
0.298 0
0.2985 0.259599
0.299 0.293722
0.2995 0
0.3 0.265367
0.3005 0.271878
0.301 0
0.3015 0.306269
0.302 0.293285
0.3025 0
0.303 0.307414
0.3035 0.308838
0.304 0
0.3045 0.277878
0.305 0.275703
0.3055 0
0.306 0.293535
0.3065 0.241771
0.307 0
0.3075 0.344567
0.308 0.312912
0.3085 0
0.309 0.311095
0.3095 0.298124
0.31 0
0.3105 0.29691
0.311 0.291528
0.3115 0
0.312 0.258584
0.3125 0.356487
0.313 0
0.3135 0.26335
0.314 0.313028
0.3145 0
0.315 0.254434
0.3155 0.287134
0.316 0
0.3165 0.274732
0.317 0.295639
0.3175 0
0.318 0.231001
0.3185 0.212514
0.319 0.298742
0.3195 0
0.32 0.253878
0.3205 0.231727
0.321 0
0.3215 0.275153
0.322 0.237771
0.3225 0
0.323 0.218906
0.3235 0.227377
0.324 0
0.3245 0.255439
0.325 0.287579
0.3255 0
0.326 0.246299
0.3265 0.250369
0.327 0
0.3275 0.210821
0.328 0.222724
0.3285 0
0.329 0.243522
0.3295 0.270735
0.33 0
0.3305 0.29156
0.331 0.266069
0.3315 0
0.332 0.277161
0.3325 0.281484
0.333 0
0.3335 0.214822
0.334 0.221069
0.3345 0
0.335 0.262079
0.3355 0.24161
0.336 0
0.3365 0.222709
0.337 0.23834
0.3375 0
0.338 0.188261
0.3385 0.23498
0.339 0
0.3395 0.239046
0.34 0.214584
0.3405 0.249869
0.341 0
0.3415 0.26362
0.342 0.172504
0.3425 0
0.343 0.214504
0.3435 0.295053
0.344 0
0.3445 0.183763
0.345 0.215981
0.3455 0
0.346 0.285628
0.3465 0.254809
0.347 0
0.3475 0.228689
0.348 0.234476
0.3485 0
0.349 0.214763
0.3495 0.182171
0.35 0
0.3505 0.194679
0.351 0.218693
0.3515 0
0.352 0.24241
0.3525 0.18886
0.353 0
0.3535 0.232019
0.354 0.191957
0.3545 0
0.355 0.241561
0.3555 0.240968
0.356 0
0.3565 0.227385
0.357 0.201102
0.3575 0
0.358 0.240533
0.3585 0.178226
0.359 0
0.3595 0.218252
0.36 0.227755
0.3605 0
0.361 0.275706
0.3615 0.255648
0.362 0.210181
0.3625 0
0.363 0.223264
0.3635 0.270232
0.364 0
0.3645 0.16866
0.365 0.166054
0.3655 0
0.366 0.152285
0.3665 0.180488
0.367 0
0.3675 0.212694
0.368 0.209082
0.3685 0
0.369 0.216048
0.3695 0.19761
0.37 0
0.3705 0.221114
0.371 0.157242
0.3715 0
0.372 0.191188
0.3725 0.22653
0.373 0
0.3735 0.176455
0.374 0.201402
0.3745 0
0.375 0.201758
0.3755 0.184174
0.376 0
0.3765 0.181925
0.377 0.155331
0.3775 0
0.378 0.209752
0.3785 0.1575
0.379 0
0.3795 0.147215
0.38 0.159822
0.3805 0
0.381 0.137547
0.3815 0.178493
0.382 0
0.3825 0.174742
0.383 0.19773
0.3835 0.14553
0.384 0
0.3845 0.123343
0.385 0.167548
0.3855 0
0.386 0.157274
0.3865 0.166691
0.387 0
0.3875 0.156984
0.388 0.158142
0.3885 0
0.389 0.146566
0.3895 0.178737
0.39 0
0.3905 0.172125
0.391 0.185207
0.3915 0
0.392 0.139593
0.3925 0.176336
0.393 0
0.3935 0.122346
0.394 0.194027
0.3945 0
0.395 0.178449
0.3955 0.14381
0.396 0
0.3965 0.159831
0.397 0.180748
0.3975 0
0.398 0.160674
0.3985 0.178335
0.399 0
0.3995 0.194476
0.4 0.173559
0.4005 0
0.401 0.130353
0.4015 0.139223
0.402 0
0.4025 0.158828
0.403 0.158032
0.4035 0
0.404 0.169372
0.4045 0.155562
0.405 0.155585
0.4055 0
0.406 0.121916
0.4065 0.158607
0.407 0
0.4075 0.145675
0.408 0.142094
0.4085 0
0.409 0.179722
0.4095 0.115226
0.41 0
0.4105 0.140221
0.411 0.104574
0.4115 0
0.412 0.171873
0.4125 0.160216
0.413 0
0.4135 0.124013
0.414 0.115215
0.4145 0
0.415 0.130392
0.4155 0.154749
0.416 0
0.4165 0.18702
0.417 0.126805
0.4175 0
0.418 0.150382
0.4185 0.163223
0.419 0
0.4195 0.124391
0.42 0.177095
0.4205 0
0.421 0.129073
0.4215 0.144382
0.422 0
0.4225 0.122391
0.423 0.142295
0.4235 0
0.424 0.125252
0.4245 0.140322
0.425 0
0.4255 0.155505
0.426 0.142363
0.4265 0.152599
0.427 0
0.4275 0.108359
0.428 0.151399
0.4285 0
0.429 0.124448
0.4295 0.119572
0.43 0
0.4305 0.137344
0.431 0.0995725
0.4315 0
0.432 0.137513
0.4325 0.139857
0.433 0
0.4335 0.143997
0.434 0.0992231
0.4345 0
0.435 0.126427
0.4355 0.148737
0.436 0
0.4365 0.158799
0.437 0.158826
0.4375 0
0.438 0.131455
0.4385 0.1109
0.439 0
0.4395 0.100913
0.44 0.15669
0.4405 0
0.441 0.108478
0.4415 0.147582
0.442 0
0.4425 0.146462
0.443 0.126611
0.4435 0
0.444 0.115411
0.4445 0.154098
0.445 0
0.4455 0.127594
0.446 0.127259
0.4465 0.127158
0.447 0
0.4475 0.0983464
0.448 0.109951
0.4485 0
0.449 0.106422
0.4495 0.116631
0.45 0
0.4505 0.129656
0.451 0.115076
0.4515 0
0.452 0.110859
0.4525 0.109709
0.453 0
0.4535 0.106525
0.454 0.122938
0.4545 0
0.455 0.122986
0.4555 0.0967202
0.456 0
0.4565 0.124185
0.457 0.0977427
0.4575 0
0.458 0.120583
0.4585 0.148024
0.459 0
0.4595 0.118624
0.46 0.156649
0.4605 0
0.461 0.125832
0.4615 0.119113
0.462 0
0.4625 0.120423
0.463 0.106923
0.4635 0
0.464 0.100149
0.4645 0.12139
0.465 0
0.4655 0.133591
0.466 0.173842
0.4665 0
0.467 0.140915
0.4675 0.083102
0.468 0.0848623
0.4685 0
0.469 0.112878
0.4695 0.126376
0.47 0
0.4705 0.126924
0.471 0.0953091
0.4715 0
0.472 0.0893912
0.4725 0.0842281
0.473 0
0.4735 0.0707098
0.474 0.119313
0.4745 0
0.475 0.11016
0.4755 0.116726
0.476 0
0.4765 0.116846
0.477 0.0709517
0.4775 0
0.478 0.109405
0.4785 0.051816
0.479 0
0.4795 0.0923509
0.48 0.104835
0.4805 0
0.481 0.0971467
0.4815 0.0841497
0.482 0
0.4825 0.109687
0.483 0.107453
0.4835 0
0.484 0.0949286
0.4845 0.115934
0.485 0
0.4855 0.103829
0.486 0.0850532
0.4865 0
0.487 0.146513
0.4875 0.0996536
0.488 0
0.4885 0.110156
0.489 0.0869161
0.4895 0.0985893
0.49 0
0.4905 0.106709
0.491 0.102944
0.4915 0
0.492 0.0899519
0.4925 0.0952318
0.493 0
0.4935 0.0699749
0.494 0.098002
0.4945 0
0.495 0.0917655
0.4955 0.145474
0.496 0
0.4965 0.116644
0.497 0.100454
0.4975 0
0.498 0.069963
0.4985 0.0834868
0.499 0
0.4995 0.104045
0.5 0.0828885
0.5005 0
0.501 0.103589
0.5015 0.101149
0.502 0
0.5025 0.0958883
0.503 0.0900916
0.5035 0
0.504 0.0805989
0.5045 0.0631886
0.505 0
0.5055 0.0842798
0.506 0.0766099
0.5065 0
0.507 0.0946904
0.5075 0.0756732
0.508 0
0.5085 0.0992141
0.509 0.0837529
0.5095 0
0.51 0.089381
0.5105 0.0998621
0.511 0.105192
0.5115 0
0.512 0.158068
0.5125 0.0997446
0.513 0
0.5135 0.0874693
0.514 0.0820817
0.5145 0
0.515 0.0799736
0.5155 0.0762782
0.516 0
0.5165 0.0762378
0.517 0.0736672
0.5175 0
0.518 0.102406
0.5185 0.080962
0.519 0
0.5195 0.087614
0.52 0.0943199
0.5205 0
0.521 0.142741
0.5215 0.0587424
0.522 0
0.5225 0.0883543
0.523 0.069979
0.5235 0
0.524 0.0753917
0.5245 0.0759471
0.525 0
0.5255 0.082701
0.526 0.0906406
0.5265 0
0.527 0.0894727
0.5275 0.0429119
0.528 0
0.5285 0.0748508
0.529 0.0950531
0.5295 0
0.53 0.0725224
0.5305 0.0711795
0.531 0
0.5315 0.0636927
0.532 0.0831852
0.5325 0.0885257
0.533 0
0.5335 0.07779
0.534 0.0693145
0.5345 0
0.535 0.0585308
0.5355 0.0467969
0.536 0
0.5365 0.0983953
0.537 0.077254
0.5375 0
0.538 0.0769058
0.5385 0.0930859
0.539 0
0.5395 0.0659989
0.54 0.0968321
0.5405 0
0.541 0.084551
0.5415 0.0776027
0.542 0
0.5425 0.0806384
0.543 0.0633281
0.5435 0
0.544 0.0601886
0.5445 0.0882123
0.545 0
0.5455 0.0501002
0.546 0.0730063
0.5465 0
0.547 0.0663734
0.5475 0.0744654
0.548 0
0.5485 0.0735272
0.549 0.093254
0.5495 0
0.55 0.0582533
0.5505 0.0770909
0.551 0
0.5515 0.067093
0.552 0.0874832
0.5525 0
0.553 0.0851616
0.5535 0.0656765
0.554 0.0756017
0.5545 0
0.555 0.0985297
0.5555 0.0580418
0.556 0
0.5565 0.0915721
0.557 0.0780624
0.5575 0
0.558 0.0721029
0.5585 0.0735413
0.559 0
0.5595 0.0701052
0.56 0.0830558
0.5605 0
0.561 0.0759213
0.5615 0.0828601
0.562 0
0.5625 0.074337
0.563 0.0736429
0.5635 0
0.564 0.0685018
0.5645 0.0632835
0.565 0
0.5655 0.0400801
0.566 0.0912273
0.5665 0
0.567 0.0724953
0.5675 0.0695525
0.568 0
0.5685 0.0675432
0.569 0.0794893
0.5695 0
0.57 0.0809421
0.5705 0.0678469
0.571 0
0.5715 0.0739875
0.572 0.103303
0.5725 0
0.573 0.0559448
0.5735 0.0651487
0.574 0.069416
0.5745 0
0.575 0.0812383
0.5755 0.0759029
0.576 0
0.5765 0.0750185
0.577 0.0551888
0.5775 0
0.578 0.0612648
0.5785 0.0594239
0.579 0
0.5795 0.0430267
0.58 0.068976
0.5805 0
0.581 0.0527154
0.5815 0.127631
0.582 0
0.5825 0.0311113
0.583 0.060949
0.5835 0
0.584 0.0738497
0.5845 0.0523471
0.585 0
0.5855 0.0507166
0.586 0.0881979
0.5865 0
0.587 0.0651833
0.5875 0.0763819
0.588 0
0.5885 0.0690377
0.589 0.0649255
0.5895 0
0.59 0.0766379
0.5905 0.0739746
0.591 0
0.5915 0.0860939
0.592 0.0739039
0.5925 0
0.593 0.0626692
0.5935 0.0409354
0.594 0
0.5945 0.0336989
0.595 0.0592871
0.5955 0.0221721
0.596 0
0.5965 0.0946887
0.597 0.0429831
0.5975 0
0.598 0.0660126
0.5985 0.0498742
0.599 0
0.5995 0.0561148
0.6 0.0641526
0.6005 0
0.601 0.0716211
0.6015 0.068583
0.602 0
0.6025 0.0523612
0.603 0.0559192
0.6035 0
0.604 0.0514665
0.6045 0.0590561
0.605 0
0.6055 0.0858103
0.606 0.0591187
0.6065 0
0.607 0.0619694
0.6075 0.0567158
0.608 0
0.6085 0.0943987
0.609 0.0718692
0.6095 0
0.61 0.10248
0.6105 0.0625241
0.611 0
0.6115 0.0623141
0.612 0.0471762
0.6125 0
0.613 0.0445363
0.6135 0.0571441
0.614 0
0.6145 0.0523172
0.615 0.0464458
0.6155 0
0.616 0.0564583
0.6165 0.0599999
0.617 0.0528523
0.6175 0
0.618 0.0377175
0.6185 0.0874374
0.619 0
0.6195 0.0580055
0.62 0.0787446
0.6205 0
0.621 0.0402508
0.6215 0.0371293
0.622 0
0.6225 0.0510495
0.623 0.0784717
0.6235 0
0.624 0.0687471
0.6245 0.0485622
0.625 0
0.6255 0.0569097
0.626 0.0500515
0.6265 0
0.627 0.0464772
0.6275 0.0533929
0.628 0
0.6285 0.0686294
0.629 0.0601047
0.6295 0
0.63 0.0440881
0.6305 0.0400801
0.631 0
0.6315 0.0698711
0.632 0.0359896
0.6325 0
0.633 0.0528759
0.6335 0.0628949
0.634 0
0.6345 0.0338758
0.635 0.0631561
0.6355 0
0.636 0.0581594
0.6365 0.0649483
0.637 0
0.6375 0.059875
0.638 0.0528788
0.6385 0.0500176
0.639 0
0.6395 0.0487126
0.64 0.0453861
0.6405 0
0.641 0.0451919
0.6415 0.0528209
0.642 0
0.6425 0.0551187
0.643 0.0334087
0.6435 0
0.644 0.080704
0.6445 0.0896542
0.645 0
0.6455 0.0321786
0.646 0.0428568
0.6465 0
0.647 0.0569752
0.6475 0.0510931
0.648 0
0.6485 0.0359607
0.649 0.0485536
0.6495 0
0.65 0.0561775
0.6505 0.0388366
0.651 0
0.6515 0.0545698
0.652 0.0394784
0.6525 0
0.653 0.0725695
0.6535 0.0384958
0.654 0
0.6545 0.0623034
0.655 0.051356
0.6555 0
0.656 0.0544687
0.6565 0.0494463
0.657 0
0.6575 0.0364918
0.658 0.0298668
0.6585 0
0.659 0.0666114
0.6595 0.0423565
0.66 0.059635
0.6605 0
0.661 0.0451097
0.6615 0.0406514
0.662 0
0.6625 0.0430247
0.663 0.0444962
0.6635 0
0.664 0.0665598
0.6645 0.0469854
0.665 0
0.6655 0.0331413
0.666 0.0627724
0.6665 0
0.667 0.0396474
0.6675 0.0336999
0.668 0
0.6685 0.0548251
0.669 0.0774932
0.6695 0
0.67 0.0432168
0.6705 0.0353298
0.671 0
0.6715 0.0533563
0.672 0.0710926
0.6725 0
0.673 0.0512728
0.6735 0.0488846
0.674 0
0.6745 0.0793189
0.675 0.0425449
0.6755 0
0.676 0.0466684
0.6765 0.0792803
0.677 0
0.6775 0.0293448
0.678 0.0775987
0.6785 0
0.679 0.0352533
0.6795 0.0388348
0.68 0
0.6805 0.0361167
0.681 0.0378062
0.6815 0.046583
0.682 0
0.6825 0.0498185
0.683 0.0410098
0.6835 0
0.684 0.0530972
0.6845 0.0623137
0.685 0
0.6855 0.0369038
0.686 0.0369038
0.6865 0
0.687 0.0466732
0.6875 0.0395251
0.688 0
0.6885 0.0347025
0.689 0.0318495
0.6895 0
0.69 0.037775
0.6905 0.0350948
0.691 0
0.6915 0.0200401
0.692 0.0211351
0.6925 0
0.693 0.0373827
0.6935 0.0387343
0.694 0
0.6945 0.0347288
0.695 0.0673584
0.6955 0
0.696 0.0355867
0.6965 0.0364942
0.697 0
0.6975 0.0483097
0.698 0.0264624
0.6985 0
0.699 0.047284
0.6995 0.0270586
0.7 0
0.7005 0.045749
0.701 0.0390162
0.7015 0
0.702 0.0295038
0.7025 0.0291512
0.703 0.0335059
0.7035 0
0.704 0.0260521
0.7045 0.0408776
0.705 0
0.7055 0.0364486
0.706 0.0472059
0.7065 0
0.707 0.0280343
0.7075 0.036059
0.708 0
0.7085 0.0244331
0.709 0.0414751
0.7095 0
0.71 0.0375803
0.7105 0.0255884
0.711 0
0.7115 0.0220441
0.712 0.0310139
0.7125 0
0.713 0.0446325
0.7135 0.0429498
0.714 0
0.7145 0.0288541
0.715 0.0348455
0.7155 0
0.716 0.044029
0.7165 0.0461593
0.717 0
0.7175 0.0408171
0.718 0.0620152
0.7185 0
0.719 0.0334069
0.7195 0.0277108
0.72 0
0.7205 0.0822947
0.721 0.0220441
0.7215 0
0.722 0.0361673
0.7225 0.0322093
0.723 0.0441106
0.7235 0
0.724 0.0334105
0.7245 0.0349894
0.725 0
0.7255 0.0454242
0.726 0.0334463
0.7265 0
0.727 0.0300601
0.7275 0.0360721
0.728 0
0.7285 0.0185159
0.729 0.0308454
0.7295 0
0.73 0.0459403
0.7305 0.0366456
0.731 0
0.7315 0.0312386
0.732 0.0427911
0.7325 0
0.733 0.0328196
0.7335 0.0375283
0.734 0
0.7345 0.040953
0.735 0.035279
0.7355 0
0.736 0.0359198
0.7365 0.0553599
0.737 0
0.7375 0.0362002
0.738 0.0240481
0.7385 0
0.739 0.0224995
0.7395 0.0348855
0.74 0
0.7405 0.0242368
0.741 0.0912623
0.7415 0
0.742 0.0345986
0.7425 0.051207
0.743 0
0.7435 0.0443695
0.744 0.0561702
0.7445 0.0244331
0.745 0
0.7455 0.0507862
0.746 0.0297733
0.7465 0
0.747 0.0305161
0.7475 0.0320946
0.748 0
0.7485 0.0288166
0.749 0.0460534
0.7495 0
0.75 0.0416574
0.7505 0.0344427
0.751 0
0.7515 0.0388402
0.752 0.0236935
0.7525 0
0.753 0.0280561
0.7535 0.0245785
0.754 0
0.7545 0.0462859
0.755 0.0295632
0.7555 0
0.756 0.0297559
0.7565 0.0207054
0.757 0
0.7575 0.0430086
0.758 0.0379428
0.7585 0
0.759 0.0203008
0.7595 0.0360741
0.76 0
0.7605 0.0318862
0.761 0.0347334
0.7615 0
0.762 0.0355674
0.7625 0.0166553
0.763 0
0.7635 0.0200401
0.764 0.0215401
0.7645 0
0.765 0.0317094
0.7655 0.0357089
0.766 0.0398105
0.7665 0
0.767 0.0238416
0.7675 0.063344
0.768 0
0.7685 0.0363416
0.769 0.0220441
0.7695 0
0.77 0.0268977
0.7705 0.0271493
0.771 0
0.7715 0.0492294
0.772 0.0403815
0.7725 0
0.773 0.021723
0.7735 0.0305951
0.774 0
0.7745 0.0283909
0.775 0.0180361
0.7755 0
0.776 0.0350761
0.7765 0.0145454
0.777 0
0.7775 0.012024
0.778 0.0377672
0.7785 0
0.779 0.0376719
0.7795 0.0403857
0.78 0
0.7805 0.0493892
0.781 0.0287684
0.7815 0
0.782 0.0323787
0.7825 0.0426128
0.783 0
0.7835 0.0318779
0.784 0.0217423
0.7845 0
0.785 0.0303498
0.7855 0.0286725
0.786 0
0.7865 0.0372486
0.787 0.0373874
0.7875 0.0269163
0.788 0
0.7885 0.0231302
0.789 0.0324184
0.7895 0
0.79 0.0388044
0.7905 0.0352213
0.791 0
0.7915 0.014028
0.792 0.0180361
0.7925 0
0.793 0.0271382
0.7935 0.0200401
0.794 0
0.7945 0.0200401
0.795 0.0280561
0.7955 0
0.796 0.012024
0.7965 0.0186623
0.797 0
0.7975 0.0254722
0.798 0.0200401
0.7985 0
0.799 0.036916
0.7995 0.032544
0.8 0
0.8005 0.0356619
0.801 0.0305217
0.8015 0
0.802 0.0427007
0.8025 0.0277899
0.803 0
0.8035 0.0161466
0.804 0.0231296
0.8045 0
0.805 0.0220429
0.8055 0.0317958
0.806 0
0.8065 0.0352459
0.807 0.0312522
0.8075 0
0.808 0.0220441
0.8085 0.024556
0.809 0.0240501
0.8095 0
0.81 0.0300601
0.8105 0.0275256
0.811 0
0.8115 0.0332346
0.812 0.0339351
0.8125 0
0.813 0.016032
0.8135 0.012024
0.814 0
0.8145 0.0212979
0.815 0.0240501
0.8155 0
0.816 0.0302489
0.8165 0.0263706
0.817 0
0.8175 0.049897
0.818 0.0180361
0.8185 0
0.819 0.0239944
0.8195 0.0234918
0.82 0
0.8205 0.0201681
0.821 0.0332336
0.8215 0
0.822 0.0370122
0.8225 0.0180361
0.823 0
0.8235 0.0180791
0.824 0.0220746
0.8245 0
0.825 0.0393504
0.8255 0.0229165
0.826 0
0.8265 0.0212321
0.827 0.0280561
0.8275 0
0.828 0.0200401
0.8285 0.0304656
0.829 0
0.8295 0.0161745
0.83 0.0328958
0.8305 0.016032
0.831 0
0.8315 0.0329097
0.832 0.0260521
0.8325 0
0.833 0.0153386
0.8335 0.0320137
0.834 0
0.8345 0.0344968
0.835 0.0165027
0.8355 0
0.836 0.0306592
0.8365 0.01002
0.837 0
0.8375 0.016032
0.838 0.0141652
0.8385 0
0.839 0.0175578
0.8395 0.0280561
0.84 0
0.8405 0.0204705
0.841 0.0191311
0.8415 0
0.842 0.0200401
0.8425 0.0306734
0.843 0
0.8435 0.0246872
0.844 0.0320382
0.8445 0
0.845 0.0686218
0.8455 0.0364373
0.846 0
0.8465 0.0240481
0.847 0.014186
0.8475 0
0.848 0.0189762
0.8485 0.012024
0.849 0
0.8495 0.014028
0.85 0.012024
0.8505 0
0.851 0.0180361
0.8515 0.0245097
0.852 0.0180361
0.8525 0
0.853 0.0846413
0.8535 0.0181618
0.854 0
0.8545 0.0147816
0.855 0.0189209
0.8555 0
0.856 0.014028
0.8565 0.0343303
0.857 0
0.8575 0.0268496
0.858 0.0211779
0.8585 0
0.859 0.0264114
0.8595 0.014028
0.86 0
0.8605 0.0504963
0.861 0.0164029
0.8615 0
0.862 0.020709
0.8625 0.0330504
0.863 0
0.8635 0.0290626
0.864 0.017298
0.8645 0
0.865 0.0236448
0.8655 0.022552
0.866 0
0.8665 0.0322058
0.867 0.0173064
0.8675 0
0.868 0.014028
0.8685 0.026975
0.869 0
0.8695 0.0192146
0.87 0.027095
0.8705 0
0.871 0.016032
0.8715 0.0221125
0.872 0.0260521
0.8725 0
0.873 0.0316311
0.8735 0.016032
0.874 0
0.8745 0.0239944
0.875 0.0104281
0.8755 0
0.876 0.00601202
0.8765 0.0200401
0.877 0
0.8775 0.0343607
0.878 0.019431
0.8785 0
0.879 0.0355869
0.8795 0.0322836
0.88 0
0.8805 0.012024
0.881 0.012024
0.8815 0
0.882 0.0123588
0.8825 0.0143989
0.883 0
0.8835 0.0274471
0.884 0.0208101
0.8845 0
0.885 0.0210829
0.8855 0.01002
0.886 0
0.8865 0.0142168
0.887 0.0221698
0.8875 0
0.888 0.0101992
0.8885 0.016032
0.889 0
0.8895 0.0260084
0.89 0.0194882
0.8905 0
0.891 0.0251736
0.8915 0.027529
0.892 0
0.8925 0.0194858
0.893 0.016032
0.8935 0.0101481
0.894 0
0.8945 0.0160341
0.895 0.01002
0.8955 0
0.896 0.0260521
0.8965 0.0180361
0.897 0
0.8975 0.014028
0.898 0.00808448
0.8985 0
0.899 0.016032
0.8995 0.0208598
0.9 0
0.9005 0.0223788
0.901 0.0378734
0.9015 0
0.902 0.0180361
0.9025 0.0185672
0.903 0
0.9035 0.0126302
0.904 0.016032
0.9045 0
0.905 0.014028
0.9055 0.0219196
0.906 0
0.9065 0.0200401
0.907 0.0207732
0.9075 0
0.908 0.0205261
0.9085 0.0130462
0.909 0
0.9095 0.0232345
0.91 0.0175615
0.9105 0
0.911 0.0140727
0.9115 0.0178143
0.912 0
0.9125 0.0197532
0.913 0.0180563
0.9135 0
0.914 0.00400801
0.9145 0.014028
0.915 0.0206792
0.9155 0
0.916 0.0240481
0.9165 0.00801602
0.917 0
0.9175 0.01002
0.918 0.0246491
0.9185 0
0.919 0.0241594
0.9195 0.0200401
0.92 0
0.9205 0.00801602
0.921 0.012024
0.9215 0
0.922 0.0320641
0.9225 0.0274186
0.923 0
0.9235 0.014028
0.924 0.0206987
0.9245 0
0.925 0.0228598
0.9255 0.0221721
0.926 0
0.9265 0.00200401
0.927 0.0264321
0.9275 0
0.928 0.0200847
0.9285 0.0156579
0.929 0
0.9295 0.01002
0.93 0.0180361
0.9305 0
0.931 0.0147258
0.9315 0.0239944
0.932 0
0.9325 0.0499207
0.933 0.0246212
0.9335 0
0.934 0.00979074
0.9345 0.0149076
0.935 0
0.9355 0.00400801
0.936 0.014028
0.9365 0.0136153
0.937 0
0.9375 0.012026
0.938 0.0141584
0.9385 0
0.939 0.016032
0.9395 0.0200401
0.94 0
0.9405 0.0163122
0.941 0.0348602
0.9415 0
0.942 0.00668091
0.9425 0.0166485
0.943 0
0.9435 0.0157016
0.944 0.0272309
0.9445 0
0.945 0.012024
0.9455 0.0200041
0.946 0
0.9465 0.0200401
0.947 0.0240481
0.9475 0
0.948 0.0203586
0.9485 0.0122032
0.949 0
0.9495 0.014028
0.95 0.01002
0.9505 0
0.951 0.0200401
0.9515 0.00803629
0.952 0
0.9525 0.01002
0.953 0.0123777
0.9535 0
0.954 0.014028
0.9545 0.014028
0.955 0
0.9555 0.0221277
0.956 0.00801602
0.9565 0
0.957 0.012024
0.9575 0.0110772
0.958 0.0219725
0.9585 0
0.959 0.0121544
0.9595 0.014028
0.96 0
0.9605 0.0100565
0.961 0.012024
0.9615 0
0.962 0.0130306
0.9625 0.012024
0.963 0
0.9635 0.012024
0.964 0.01002
0.9645 0
0.965 0.0139602
0.9655 0.0183992
0.966 0
0.9665 0.014028
0.967 0.0379383
0.9675 0
0.968 0.01002
0.9685 0.016032
0.969 0
0.9695 0.00801602
0.97 0.0449944
0.9705 0
0.971 0.0213342
0.9715 0.012024
0.972 0
0.9725 0.0180509
0.973 0.0101504
0.9735 0
0.974 0.00400801
0.9745 0.01002
0.975 0
0.9755 0.01002
0.976 0.0123893
0.9765 0
0.977 0.0240519
0.9775 0.016032
0.978 0
0.9785 0.0221744
0.979 0.016032
0.9795 0.0185221
0.98 0
0.9805 0.00809961
0.981 0.0180361
0.9815 0
0.982 0.0187014
0.9825 0.012026
0.983 0
0.9835 0.0120605
0.984 0.012024
0.9845 0
0.985 0.0160341
0.9855 0.0265288
0.986 0
0.9865 0.0150852
0.987 0.010022
0.9875 0
0.988 0.0121521
0.9885 0.0260521
0.989 0
0.9895 0.0312485
0.99 0.0170892
0.9905 0
0.991 0.0220441
0.9915 0.0104755
0.992 0
0.9925 0.01002
0.993 0.012024
0.9935 0
0.994 0.0247301
0.9945 0.0220441
0.995 0
0.9955 0.0163668
0.996 0.0200401
0.9965 0
0.997 0.01002
0.9975 0.00688445
0.998 0
0.9985 0.014028
0.999 0.0200919
0.9995 0
1.0 0
