0.0 0
0.0005 96340.2
0.001 39839.3
0.0015 27345.5
0.002 19755.1
0.0025 15229.3
0.003 12255.9
0.0035 10148.3
0.004 8569.58
0.0045 7347.03
0.005 6385.23
0.0055 5598.37
0.006 4959
0.0065 4425.96
0.007 3973.76
0.0075 3584.81
0.008 3251.81
0.0085 2971.15
0.009 2707.35
0.0095 2492.67
0.01 2289.88
0.0105 2116.27
0.011 1962.89
0.0115 1826.75
0.012 1698.21
0.0125 1579.21
0.013 1481.91
0.0135 1390.62
0.014 1302.99
0.0145 1222.21
0.015 1156.95
0.0155 1086.69
0.016 1026.68
0.0165 968.884
0.017 917.42
0.0175 871.965
0.018 826.856
0.0185 784.267
0.019 746.499
0.0195 710.757
0.02 676.077
0.0205 648.453
0.021 613.634
0.0215 591.426
0.022 566.045
0.0225 537.722
0.023 515.07
0.0235 494.123
0.024 475.112
0.0245 458.893
0.025 436.044
0.0255 420.267
0.026 403.652
0.0265 389.65
0.027 371.394
0.0275 359.656
0.028 348.447
0.0285 333.784
0.029 322.743
0.0295 311.177
0.03 301.7
0.0305 288.913
0.031 280.559
0.0315 271.774
0.032 263.376
0.0325 254.295
0.033 246.573
0.0335 237.287
0.034 231.32
0.0345 224.989
0.035 218.731
0.0355 210.323
0.036 205.133
0.0365 198.909
0.037 192.331
0.0375 186.264
0.038 182.286
0.0385 177.352
0.039 171.171
0.0395 168.01
0.04 163.221
0.0405 157.301
0.041 153.111
0.0415 150.19
0.042 146.559
0.0425 142.461
0.043 139.069
0.0435 133.888
0.044 131.912
0.0445 128.751
0.045 124.905
0.0455 122.388
0.046 118.871
0.0465 117.025
0.047 113.994
0.0475 111.424
0.048 108.286
0.0485 105.71
0.049 103.323
0.0495 101.746
0.05 99.2633
0.0505 96.7208
0.051 94.5647
0.0515 93.0431
0.052 90.949
0.0525 88.5707
0.053 86.7769
0.0535 84.6868
0.054 82.877
0.0545 81.98
0.055 79.4515
0.0555 78.3785
0.056 76.4165
0.0565 74.7848
0.057 74.0941
0.0575 71.4175
0.058 70.5846
0.0585 69.5216
0.059 67.5176
0.0595 66.975
0.06 65.6817
0.0605 63.98
0.061 62.947
0.0615 61.5436
0.062 61.1932
0.0625 59.5496
0.063 57.8219
0.0635 57.5196
0.064 56.2403
0.0645 55.2533
0.065 54.6527
0.0655 53.3594
0.066 52.2303
0.0665 51.6116
0.067 50.8329
0.0675 49.8379
0.068 48.3824
0.0685 47.8759
0.069 47.996
0.0695 47.2613
0.07 45.4795
0.0705 45.1132
0.071 44.0501
0.0715 44.1582
0.072 42.985
0.0725 41.7238
0.073 41.976
0.0735 40.8729
0.074 40.5206
0.0745 40.002
0.075 39.3834
0.0755 38.7568
0.076 38.1221
0.0765 37.3714
0.077 36.5946
0.0775 36.6367
0.078 35.7137
0.0785 35.7398
0.079 34.5065
0.0795 34.6387
0.08 33.7658
0.0805 33.4234
0.081 32.8829
0.0815 32.1582
0.082 31.6277
0.0825 31.5996
0.083 31.3494
0.0835 30.4705
0.084 30.2703
0.0845 29.5155
0.085 29.0471
0.0855 28.963
0.086 28.8629
0.0865 28.2863
0.087 27.952
0.0875 27.5216
0.088 26.995
0.0885 26.6767
0.089 25.7077
0.0895 25.7938
0.09 25.8959
0.0905 25.3033
0.091 24.6647
0.0915 24.2503
0.092 24.2763
0.0925 23.9199
0.093 23.7778
0.0935 23.1812
0.094 23.1432
0.0945 22.9049
0.095 22.4365
0.0955 22.8749
0.096 22.2022
0.0965 21.8659
0.097 21.6136
0.0975 21.4615
0.098 21.007
0.0985 20.6066
0.099 20.4204
0.0995 19.97
0.1 20.3484
0.1005 20.2503
0.101 19.974
0.1015 19.3974
0.102 18.9009
0.1025 18.8609
0.103 18.6947
0.1035 18.4445
0.104 18.2223
0.1045 18.4925
0.105 18.2022
0.1055 18.0561
0.106 17.3774
0.1065 17.3634
0.107 17.1091
0.1075 16.967
0.108 16.983
0.1085 16.3003
0.109 16.4805
0.1095 16.1001
0.11 16.1181
0.1105 16.1562
0.111 15.6436
0.1115 15.4855
0.112 15.6357
0.1125 15.3974
0.113 15.3193
0.1135 14.7648
0.114 15.2733
0.1145 14.8789
0.115 14.8328
0.1155 14.6767
0.116 14.4405
0.1165 14.1061
0.117 13.8218
0.1175 13.7958
0.118 13.5215
0.1185 13.7117
0.119 13.3394
0.1195 13.3153
0.12 13.4555
0.1205 13.2573
0.121 12.8889
0.1215 12.7768
0.122 12.6667
0.1225 12.4144
0.123 12.7768
0.1235 12.5385
0.124 12.3143
0.1245 12.2382
0.125 11.8238
0.1255 11.6657
0.126 11.8138
0.1265 12.0661
0.127 11.8298
0.1275 11.6437
0.128 11.7157
0.1285 11.4234
0.129 11.4535
0.1295 11.4054
0.13 11.2412
0.1305 11.2613
0.131 11.007
0.1315 10.7908
0.132 10.7828
0.1325 10.6507
0.133 10.5005
0.1335 10.2863
0.134 10.4064
0.1345 9.7878
0.135 10.3684
0.1355 10.2583
0.136 9.93595
0.1365 9.83985
0.137 9.93194
0.1375 9.73774
0.138 9.92594
0.1385 9.60761
0.139 9.36538
0.1395 9.43946
0.14 9.63565
0.1405 9.49951
0.141 8.99902
0.1415 9.16117
0.142 9.25127
0.1425 9.23724
0.143 8.98099
0.1435 8.83484
0.144 8.75276
0.1445 8.8789
0.145 8.72874
0.1455 8.53454
0.146 8.40041
0.1465 8.56657
0.147 8.64665
0.1475 8.61263
0.148 8.11612
0.1485 8.21022
0.149 8.26427
0.1495 8.06607
0.15 8.31232
0.1505 8.14415
0.151 8.15215
0.1515 7.91993
0.152 7.8919
0.1525 7.81582
0.153 7.8879
0.1535 7.60362
0.154 7.80581
0.1545 7.72573
0.155 7.49951
0.1555 7.20922
0.156 7.33735
0.1565 7.54356
0.157 7.33734
0.1575 7.38941
0.158 7.18319
0.1585 7.34335
0.159 7.15516
0.1595 7.3854
0.16 7.23124
0.1605 6.83285
0.161 6.90891
0.1615 6.97899
0.162 6.6006
0.1625 6.76477
0.163 6.73474
0.1635 6.54455
0.164 6.50051
0.1645 6.5966
0.165 6.61863
0.1655 6.51051
0.166 6.38839
0.1665 6.40841
0.167 6.47448
0.1675 6.24025
0.168 6.30632
0.1685 6.39239
0.169 6.45247
0.1695 6.24625
0.17 6.27428
0.1705 6.1922
0.171 6.04004
0.1715 6.11812
0.172 6.06608
0.1725 5.83584
0.173 5.83984
0.1735 6.03204
0.174 5.78179
0.1745 5.7918
0.175 5.76777
0.1755 6.01203
0.176 5.76977
0.1765 5.61361
0.177 5.55757
0.1775 5.55956
0.178 5.3974
0.1785 5.26727
0.179 5.62763
0.1795 5.26327
0.18 5.2953
0.1805 5.65165
0.181 5.23724
0.1815 5.31932
0.182 5.40542
0.1825 5.33335
0.183 5.25526
0.1835 5.31332
0.184 5.23124
0.1845 5.29931
0.185 5.16117
0.1855 5.14715
0.186 5.07508
0.1865 5.11111
0.187 4.96296
0.1875 5.21322
0.188 4.997
0.1885 4.94895
0.189 4.88288
0.1895 4.84084
0.19 4.92093
0.1905 4.75075
0.191 4.64665
0.1915 4.57457
0.192 4.77278
0.1925 4.76276
0.193 4.75276
0.1935 4.68469
0.194 4.76677
0.1945 4.70871
0.195 4.3944
0.1955 4.52253
0.196 4.71072
0.1965 4.92893
0.197 4.5926
0.1975 4.3924
0.198 4.32633
0.1985 4.63063
0.199 4.35436
0.1995 4.3023
0.2 4.22623
0.2005 4.24425
0.201 4.32432
0.2015 4.35636
0.202 4.22222
0.2025 4.28229
0.203 4.32233
0.2035 4.27027
0.204 4.25226
0.2045 4.17017
0.205 4.10812
0.2055 4.11411
0.206 4.02803
0.2065 4.22824
0.207 4.25025
0.2075 4.15816
0.208 3.996
0.2085 4.05606
0.209 4.16217
0.2095 4.10411
0.21 4.06607
0.2105 4.30431
0.211 3.87588
0.2115 4.002
0.212 3.77378
0.2125 3.7978
0.213 3.90191
0.2135 3.988
0.214 3.84186
0.2145 3.74174
0.215 3.90191
0.2155 3.97198
0.216 3.81382
0.2165 3.77177
0.217 3.81182
0.2175 3.89389
0.218 3.78378
0.2185 3.7978
0.219 3.62963
0.2195 3.76577
0.22 3.70971
0.2205 3.41142
0.221 3.52354
0.2215 3.55557
0.222 3.58559
0.2225 3.41742
0.223 3.52954
0.2235 3.58759
0.224 3.4955
0.2245 3.63564
0.225 3.54155
0.2255 3.44144
0.226 3.52954
0.2265 3.53954
0.227 3.31132
0.2275 3.34936
0.228 3.51952
0.2285 3.48949
0.229 3.27528
0.2295 3.35536
0.23 3.22323
0.2305 3.38138
0.231 3.2973
0.2315 3.2953
0.232 2.995
0.2325 3.36137
0.233 3.12513
0.2335 3.23524
0.234 3.11712
0.2345 3.27327
0.235 3.30531
0.2355 3.30731
0.236 2.97898
0.2365 3.21722
0.237 3.16116
0.2375 3.24525
0.238 3.15716
0.2385 3.08509
0.239 3.20921
0.2395 3.14915
0.24 3.07508
0.2405 3.0971
0.241 3.14114
0.2415 3.12313
0.242 3.02303
0.2425 3.05106
0.243 3.04305
0.2435 2.98098
0.244 2.84485
0.2445 3.02303
0.245 2.93494
0.2455 2.88289
0.246 2.92693
0.2465 2.82082
0.247 3.04105
0.2475 2.90491
0.248 2.99901
0.2485 2.91692
0.249 2.74274
0.2495 2.91092
0.25 2.73874
0.2505 2.88889
0.251 2.80681
0.2515 2.96897
0.252 2.87488
0.2525 2.81481
0.253 2.63063
0.2535 2.70871
0.254 2.91692
0.2545 2.75475
0.255 2.66667
0.2555 2.81282
0.256 2.73473
0.2565 2.72072
0.257 2.72673
0.2575 2.67668
0.258 2.83083
0.2585 2.67668
0.259 2.81882
0.2595 2.76677
0.26 2.54655
0.2605 2.49049
0.261 2.64865
0.2615 2.63264
0.262 2.60861
0.2625 2.54254
0.263 2.52252
0.2635 2.72473
0.264 2.43444
0.2645 2.38238
0.265 2.38238
0.2655 2.5025
0.266 2.50251
0.2665 2.59259
0.267 2.55056
0.2675 2.63264
0.268 2.28629
0.2685 2.53654
0.269 2.52854
0.2695 2.43844
0.27 2.58258
0.2705 2.38438
0.271 2.48649
0.2715 2.36436
0.272 2.46647
0.2725 2.36837
0.273 2.34034
0.2735 2.42242
0.274 2.47648
0.2745 2.38839
0.275 2.31832
0.2755 2.47848
0.276 2.31231
0.2765 2.41842
0.277 2.31031
0.2775 2.42243
0.278 2.36036
0.2785 2.40841
0.279 2.38839
0.2795 2.34034
0.28 2.31632
0.2805 2.13814
0.281 2.12212
0.2815 2.22823
0.282 2.41642
0.2825 2.25626
0.283 2.36637
0.2835 2.19019
0.284 2.32034
0.2845 2.20621
0.285 2.23223
0.2855 2.31031
0.286 2.25225
0.2865 2.16617
0.287 2.21221
0.2875 2.3003
0.288 2.15416
0.2885 2.16216
0.289 2.2042
0.2895 2.29229
0.29 2.12413
0.2905 2.08409
0.291 2.18619
0.2915 2.02202
0.292 2.07608
0.2925 2.27628
0.293 2.1041
0.2935 2.03203
0.294 2.15816
0.2945 2.14214
0.295 2.20621
0.2955 2.16417
0.296 2.02402
0.2965 2.04605
0.297 1.95996
0.2975 2.00601
0.298 2.02403
0.2985 2.14615
0.299 1.99199
0.2995 1.95796
0.3 2.00401
0.3005 2.02402
0.301 2.11612
0.3015 2.08409
0.302 2.04204
0.3025 1.91792
0.303 2.15015
0.3035 2.02603
0.304 2.02803
0.3045 1.98399
0.305 1.92994
0.3055 1.9019
0.306 1.8979
0.3065 1.84585
0.307 1.8959
0.3075 1.97398
0.308 1.91993
0.3085 1.93393
0.309 1.98199
0.3095 2.02803
0.31 1.85586
0.3105 1.78779
0.311 1.80581
0.3115 1.95596
0.312 1.86987
0.3125 1.93194
0.313 1.8979
0.3135 1.87387
0.314 1.84585
0.3145 1.78378
0.315 1.98799
0.3155 1.92993
0.316 1.84384
0.3165 1.87588
0.317 1.91792
0.3175 1.85986
0.318 2.03404
0.3185 1.8999
0.319 1.91392
0.3195 1.86186
0.32 1.96397
0.3205 1.65365
0.321 1.78178
0.3215 1.75976
0.322 1.71972
0.3225 1.98599
0.323 1.86387
0.3235 1.64965
0.324 1.69169
0.3245 1.56757
0.325 1.94995
0.3255 1.7998
0.326 1.65966
0.3265 1.70571
0.327 1.62763
0.3275 1.71171
0.328 1.77778
0.3285 1.81782
0.329 1.72973
0.3295 1.70171
0.33 1.80181
0.3305 1.70571
0.331 1.6957
0.3315 1.72773
0.332 1.71171
0.3325 1.75376
0.333 1.65766
0.3335 1.55556
0.334 1.76777
0.3345 1.63964
0.335 1.75776
0.3355 1.56356
0.336 1.67368
0.3365 1.69169
0.337 1.77378
0.3375 1.63964
0.338 1.67968
0.3385 1.78378
0.339 1.64365
0.3395 1.54955
0.34 1.62763
0.3405 1.58959
0.341 1.5015
0.3415 1.65966
0.342 1.47147
0.3425 1.54154
0.343 1.6937
0.3435 1.65365
0.344 1.5996
0.3445 1.55556
0.345 1.51952
0.3455 1.50751
0.346 1.78579
0.3465 1.51352
0.347 1.58158
0.3475 1.51752
0.348 1.54755
0.3485 1.56357
0.349 1.37337
0.3495 1.50551
0.35 1.61562
0.3505 1.37338
0.351 1.61161
0.3515 1.67768
0.352 1.63764
0.3525 1.57558
0.353 1.65566
0.3535 1.44545
0.354 1.53554
0.3545 1.51152
0.355 1.55356
0.3555 1.58759
0.356 1.51752
0.3565 1.42543
0.357 1.46747
0.3575 1.56356
0.358 1.62362
0.3585 1.64164
0.359 1.54355
0.3595 1.58158
0.36 1.57358
0.3605 1.52953
0.361 1.4995
0.3615 1.34735
0.362 1.52152
0.3625 1.61562
0.363 1.50751
0.3635 1.4895
0.364 1.37938
0.3645 1.52152
0.365 1.4975
0.3655 1.61161
0.366 1.42342
0.3665 1.4955
0.367 1.50751
0.3675 1.47548
0.368 1.47948
0.3685 1.39139
0.369 1.36336
0.3695 1.37938
0.37 1.60761
0.3705 1.40941
0.371 1.51752
0.3715 1.53554
0.372 1.3934
0.3725 1.50751
0.373 1.45546
0.3735 1.32132
0.374 1.34735
0.3745 1.44345
0.375 1.56156
0.3755 1.31131
0.376 1.40942
0.3765 1.40741
0.377 1.44545
0.3775 1.44144
0.378 1.4955
0.3785 1.55155
0.379 1.49951
0.3795 1.42142
0.38 1.4014
0.3805 1.44344
0.381 1.51151
0.3815 1.54154
0.382 1.44144
0.3825 1.33734
0.383 1.33333
0.3835 1.33534
0.384 1.36537
0.3845 1.34535
0.385 1.43544
0.3855 1.45746
0.386 1.55155
0.3865 1.42543
0.387 1.46947
0.3875 1.35135
0.388 1.37738
0.3885 1.31932
0.389 1.41342
0.3895 1.31331
0.39 1.2973
0.3905 1.26927
0.391 1.25726
0.3915 1.36737
0.392 1.35135
0.3925 1.41742
0.393 1.41342
0.3935 1.32933
0.394 1.28929
0.3945 1.28328
0.395 1.41942
0.3955 1.26727
0.396 1.44745
0.3965 1.32533
0.397 1.29129
0.3975 1.31732
0.398 1.28529
0.3985 1.37938
0.399 1.24325
0.3995 1.34135
0.4 1.38339
0.4005 1.24324
0.401 1.2973
0.4015 1.3013
0.402 1.40341
0.4025 1.2973
0.403 1.32332
0.4035 1.33534
0.404 1.44345
0.4045 1.34935
0.405 1.24324
0.4055 1.24324
0.406 1.34735
0.4065 1.23924
0.407 1.42142
0.4075 1.36337
0.408 1.32933
0.4085 1.11312
0.409 1.23323
0.4095 1.30731
0.41 1.27928
0.4105 1.37137
0.411 1.23724
0.4115 1.24725
0.412 1.2032
0.4125 1.24324
0.413 1.24525
0.4135 1.23925
0.414 1.21522
0.4145 1.2973
0.415 1.33333
0.4155 1.34735
0.416 1.21922
0.4165 1.18719
0.417 1.14114
0.4175 1.20721
0.418 1.16717
0.4185 1.25726
0.419 1.23123
0.4195 1.28529
0.42 1.17317
0.4205 1.26727
0.421 1.25926
0.4215 1.22523
0.422 1.22122
0.4225 1.20521
0.423 1.23324
0.4235 1.15315
0.424 1.23524
0.4245 1.24324
0.425 1.13514
0.4255 1.28128
0.426 1.28929
0.4265 1.33734
0.427 1.20521
0.4275 1.28929
0.428 1.21322
0.4285 1.26126
0.429 1.11112
0.4295 1.2973
0.43 1.22923
0.4305 1.26527
0.431 1.0931
0.4315 1.18118
0.432 1.04905
0.4325 1.13714
0.433 1.21722
0.4335 1.18719
0.434 1.1992
0.4345 1.10311
0.435 1.24324
0.4355 1.17918
0.436 1.0971
0.4365 1.18919
0.437 1.27528
0.4375 1.0991
0.438 1.18519
0.4385 1.16316
0.439 1.20921
0.4395 1.07107
0.44 1.01502
0.4405 1.07107
0.441 1.28529
0.4415 1.2032
0.442 1.08108
0.4425 1.0951
0.443 1.07508
0.4435 1.06907
0.444 1.17118
0.4445 1.10911
0.445 1.26727
0.4455 1.19319
0.446 1.21722
0.4465 0.984985
0.447 1.25326
0.4475 1.13113
0.448 1.1011
0.4485 1.12312
0.449 1.18519
0.4495 1.0991
0.45 1.0991
0.4505 1.14114
0.451 1.05906
0.4515 1.0891
0.452 1.16316
0.4525 1.13313
0.453 1.07708
0.4535 1.12112
0.454 1.04905
0.4545 1.12312
0.455 1.1011
0.4555 1.07508
0.456 1.10511
0.4565 1.08909
0.457 1.0971
0.4575 1.15315
0.458 1.12713
0.4585 1.13514
0.459 1.25526
0.4595 1.07107
0.46 1.01101
0.4605 1.05706
0.461 1.13714
0.4615 1.14315
0.462 1.05906
0.4625 1.10711
0.463 1.12713
0.4635 1.19119
0.464 1.08109
0.4645 0.962963
0.465 1.04104
0.4655 1.16317
0.466 1.07107
0.4665 1.03704
0.467 1.05506
0.4675 1.01301
0.468 1.05906
0.4685 1.11111
0.469 1.19319
0.4695 1.05105
0.47 1.21923
0.4705 1.04905
0.471 0.950951
0.4715 1.06707
0.472 1.02903
0.4725 1.14114
0.473 1.01101
0.4735 0.966969
0.474 1.0911
0.4745 1.22723
0.475 1.03103
0.4755 1.0971
0.476 1.11512
0.4765 1.04705
0.477 1.0991
0.4775 1.02503
0.478 1.04505
0.4785 1.001
0.479 1.02503
0.4795 1.09309
0.48 1.03904
0.4805 1.00701
0.481 0.956959
0.4815 1.05907
0.482 1.06106
0.4825 1.00301
0.483 1.07908
0.4835 1.03904
0.484 1.05305
0.4845 1.04104
0.485 1.02103
0.4855 1.02302
0.486 0.982985
0.4865 1.001
0.487 1.00901
0.4875 1.10311
0.488 1.02103
0.4885 1.1011
0.489 1.11111
0.4895 1.00901
0.49 0.956957
0.4905 1.04905
0.491 1.11111
0.4915 1.06307
0.492 0.996997
0.4925 0.984985
0.493 1.02504
0.4935 0.902903
0.494 1.08709
0.4945 0.956957
0.495 1.01301
0.4955 0.996997
0.496 0.972973
0.4965 0.996997
0.497 1.06306
0.4975 1.07708
0.498 0.992993
0.4985 1.04104
0.499 1.06507
0.4995 1.08108
0.5 2.08208
0.5005 0
0.501 2.07207
0.5015 0
0.502 1.93393
0.5025 0
0.503 2.06407
0.5035 0
0.504 1.97598
0.5045 0
0.505 1.91792
0.5055 0
0.506 1.97598
0.5065 0
0.507 2.14415
0.5075 0
0.508 1.97598
0.5085 0
0.509 2.20621
0.5095 0
0.51 2.03804
0.5105 0
0.511 2.01401
0.5115 0
0.512 1.05105
0.5125 0.924925
0.513 1.06306
0.5135 0.956957
0.514 0.970971
0.5145 0.912915
0.515 1.03103
0.5155 0.992993
0.516 1.02703
0.5165 1.01302
0.517 0.978983
0.5175 0.874875
0.518 0.910911
0.5185 1.00901
0.519 0.972973
0.5195 0.932933
0.52 0.928929
0.5205 0.860861
0.521 1.06907
0.5215 0.884885
0.522 1.06907
0.5225 1.04305
0.523 1.03103
0.5235 1.02302
0.524 0.946947
0.5245 0.966973
0.525 0.952953
0.5255 0.990991
0.526 0.956959
0.5265 0.866867
0.527 1.04906
0.5275 0.948949
0.528 0.904905
0.5285 0.910913
0.529 0.884885
0.5295 0.976977
0.53 0.914919
0.5305 0.966967
0.531 1.0951
0.5315 0.836837
0.532 0.976983
0.5325 0.910913
0.533 0.940941
0.5335 0.914915
0.534 0.866867
0.5345 1.07508
0.535 1.07307
0.5355 0.912915
0.536 0.968975
0.5365 0.856859
0.537 1.02302
0.5375 0.962963
0.538 0.914921
0.5385 1.01101
0.539 0.964969
0.5395 0.886887
0.54 0.906909
0.5405 0.994995
0.541 1.00902
0.5415 0.960961
0.542 1.003
0.5425 1.07307
0.543 0.942943
0.5435 0.896897
0.544 0.936939
0.5445 0.966967
0.545 0.864867
0.5455 1.02102
0.546 0.986987
0.5465 0.918919
0.547 0.984985
0.5475 0.966967
0.548 0.966967
0.5485 0.898899
0.549 0.962963
0.5495 0.960961
0.55 0.974975
0.5505 0.946949
0.551 0.974975
0.5515 0.922923
0.552 0.910913
0.5525 0.974975
0.553 0.964965
0.5535 0.982983
0.554 0.862863
0.5545 0.952955
0.555 1.02503
0.5555 0.842845
0.556 0.908913
0.5565 0.866867
0.557 0.892893
0.5575 0.888891
0.558 0.874875
0.5585 1.00501
0.559 0.946949
0.5595 0.854857
0.56 0.990991
0.5605 0.900903
0.561 0.906907
0.5615 0.804805
0.562 0.868869
0.5625 1.03303
0.563 0.958959
0.5635 0.992993
0.564 0.892893
0.5645 0.952953
0.565 0.856857
0.5655 0.832833
0.566 0.934937
0.5665 0.934937
0.567 0.884885
0.5675 0.936937
0.568 0.930935
0.5685 1.01502
0.569 0.846847
0.5695 0.872873
0.57 0.910913
0.5705 0.934935
0.571 0.954957
0.5715 0.942945
0.572 0.906907
0.5725 0.938941
0.573 0.926927
0.5735 0.860861
0.574 0.810811
0.5745 0.960961
0.575 0.960963
0.5755 0.914917
0.576 0.996997
0.5765 0.888891
0.577 0.850851
0.5775 0.928929
0.578 0.900905
0.5785 0.914917
0.579 1.07508
0.5795 0.972973
0.58 0.876879
0.5805 0.928931
0.581 0.866867
0.5815 0.808809
0.582 0.826827
0.5825 0.942945
0.583 0.918923
0.5835 0.954959
0.584 0.996997
0.5845 0.924925
0.585 0.882883
0.5855 1.00101
0.586 0.778781
0.5865 0.938939
0.587 0.826827
0.5875 0.916921
0.588 0.964967
0.5885 1.03303
0.589 0.904905
0.5895 0.868869
0.59 0.954955
0.5905 0.838841
0.591 0.964965
0.5915 0.908909
0.592 0.924925
0.5925 0.870871
0.593 0.904905
0.5935 0.968971
0.594 0.928929
0.5945 0.992993
0.595 0.908909
0.5955 0.878879
0.596 0.908909
0.5965 0.980981
0.597 0.848849
0.5975 0.956957
0.598 0.876877
0.5985 0.904907
0.599 0.884885
0.5995 0.826827
0.6 0.922923
0.6005 0.862863
0.601 0.910911
0.6015 0.866867
0.602 0.878879
0.6025 0.908909
0.603 0.970971
0.6035 0.910913
0.604 0.792797
0.6045 0.858861
0.605 0.912913
0.6055 0.966967
0.606 0.880881
0.6065 0.930931
0.607 0.892893
0.6075 0.812813
0.608 0.880881
0.6085 0.912913
0.609 0.850851
0.6095 0.888889
0.61 0.946947
0.6105 0.834837
0.611 0.834837
0.6115 0.868869
0.612 0.924925
0.6125 0.898899
0.613 0.904907
0.6135 0.958961
0.614 0.922923
0.6145 0.904905
0.615 0.878879
0.6155 0.918919
0.616 0.920921
0.6165 0.932933
0.617 0.884885
0.6175 0.924927
0.618 1.001
0.6185 0.788791
0.619 1.05506
0.6195 0.854855
0.62 0.948949
0.6205 0.814815
0.621 0.908909
0.6215 0.918919
0.622 0.920929
0.6225 1.001
0.623 0.866871
0.6235 0.846847
0.624 0.880881
0.6245 0.834835
0.625 0.886887
0.6255 0.852857
0.626 0.806807
0.6265 0.936937
0.627 0.924925
0.6275 0.834835
0.628 0.936941
0.6285 0.816823
0.629 0.826827
0.6295 0.882885
0.63 0.896903
0.6305 0.970971
0.631 0.942943
0.6315 0.926927
0.632 0.842843
0.6325 0.878879
0.633 0.832833
0.6335 0.818829
0.634 0.890891
0.6345 0.940941
0.635 0.856857
0.6355 0.940941
0.636 0.830831
0.6365 0.826829
0.637 0.862863
0.6375 0.902903
0.638 0.842847
0.6385 0.846847
0.639 0.936937
0.6395 0.874875
0.64 0.940943
0.6405 0.920921
0.641 0.844845
0.6415 0.870873
0.642 0.936937
0.6425 0.914915
0.643 0.788789
0.6435 0.920921
0.644 0.882885
0.6445 0.896903
0.645 0.960961
0.6455 0.916919
0.646 0.888889
0.6465 0.860861
0.647 0.922927
0.6475 0.820821
0.648 0.940941
0.6485 0.924925
0.649 0.914915
0.6495 0.932933
0.65 0.938939
0.6505 0.950955
0.651 0.842843
0.6515 0.898903
0.652 0.924929
0.6525 0.876883
0.653 0.856857
0.6535 0.854855
0.654 0.916921
0.6545 0.970971
0.655 0.928931
0.6555 0.794795
0.656 0.882883
0.6565 1.001
0.657 0.860865
0.6575 0.880881
0.658 0.852853
0.6585 0.928935
0.659 0.808815
0.6595 0.758763
0.66 0.958959
0.6605 0.886887
0.661 0.906909
0.6615 0.886887
0.662 1.001
0.6625 0.894895
0.663 0.982983
0.6635 0.888899
0.664 0.816821
0.6645 0.918919
0.665 0.936937
0.6655 0.760761
0.666 1.04305
0.6665 0.952953
0.667 0.960961
0.6675 0.868869
0.668 0.790791
0.6685 0.826827
0.669 0.878879
0.6695 0.920921
0.67 0.908909
0.6705 0.872873
0.671 0.894895
0.6715 0.812813
0.672 0.860865
0.6725 0.848849
0.673 0.926927
0.6735 0.866867
0.674 0.840841
0.6745 0.908909
0.675 1.02102
0.6755 0.918919
0.676 0.914915
0.6765 0.912915
0.677 0.868869
0.6775 0.842843
0.678 0.934935
0.6785 0.860861
0.679 0.952953
0.6795 1.00901
0.68 0.822823
0.6805 0.894895
0.681 0.908909
0.6815 0.942943
0.682 0.912913
0.6825 0.862865
0.683 0.962963
0.6835 1.01502
0.684 0.898899
0.6845 0.926927
0.685 0.906907
0.6855 0.850851
0.686 0.962963
0.6865 0.944945
0.687 0.922927
0.6875 0.880881
0.688 0.944945
0.6885 0.984985
0.689 1.09109
0.6895 0.870871
0.69 0.928929
0.6905 0.850851
0.691 0.848849
0.6915 0.914917
0.692 0.880889
0.6925 0.908909
0.693 1.00701
0.6935 0.876877
0.694 0.854855
0.6945 0.992993
0.695 1.02703
0.6955 0.948949
0.696 1.04104
0.6965 0.902903
0.697 0.986987
0.6975 0.936937
0.698 0.904905
0.6985 1.03103
0.699 0.912915
0.6995 0.900901
0.7 0.988989
0.7005 0.892893
0.701 0.924925
0.7015 0.888889
0.702 0.904905
0.7025 0.924925
0.703 0.884885
0.7035 0.890891
0.704 0.866869
0.7045 0.910911
0.705 0.978981
0.7055 0.920921
0.706 0.890891
0.7065 0.818825
0.707 0.874875
0.7075 1.03103
0.708 0.922923
0.7085 0.850853
0.709 0.930931
0.7095 0.922923
0.71 1.02303
0.7105 1.05906
0.711 1.07508
0.7115 1.01101
0.712 0.916917
0.7125 0.836837
0.713 0.944945
0.7135 0.876877
0.714 1.02302
0.7145 0.960965
0.715 0.928931
0.7155 1.02703
0.716 0.906907
0.7165 0.934935
0.717 1.01902
0.7175 0.960963
0.718 0.962965
0.7185 1.03504
0.719 0.988989
0.7195 0.908909
0.72 0.938943
0.7205 0.992993
0.721 1.00901
0.7215 0.990991
0.722 0.856857
0.7225 1.06106
0.723 0.918919
0.7235 0.984989
0.724 0.910911
0.7245 0.922923
0.725 0.884885
0.7255 0.978979
0.726 0.894895
0.7265 0.914919
0.727 0.928933
0.7275 0.990991
0.728 0.952953
0.7285 1.00701
0.729 0.930933
0.7295 0.938939
0.73 0.998999
0.7305 0.970971
0.731 1.05706
0.7315 1.001
0.732 0.898899
0.7325 0.964965
0.733 1.14515
0.7335 0.984987
0.734 0.942943
0.7345 1.01302
0.735 1.04705
0.7355 0.990991
0.736 1.03904
0.7365 0.994995
0.737 1.04705
0.7375 1.001
0.738 0.912913
0.7385 0.946947
0.739 0.928931
0.7395 0.992993
0.74 0.956957
0.7405 0.944949
0.741 0.944945
0.7415 0.964965
0.742 0.992995
0.7425 1.00701
0.743 0.874875
0.7435 0.888889
0.744 1.01101
0.7445 0.958959
0.745 0.964965
0.7455 1.00901
0.746 1.04905
0.7465 1.02102
0.747 0.900901
0.7475 0.916917
0.748 1.01903
0.7485 1.07908
0.749 1.01902
0.7495 1.08709
0.75 1.01903
0.7505 1.0911
0.751 1.1011
0.7515 1.04104
0.752 0.966967
0.7525 1.10511
0.753 1.01502
0.7535 1.10911
0.754 1.01702
0.7545 0.916917
0.755 1.02503
0.7555 0.962963
0.756 0.942943
0.7565 0.934935
0.757 1.11311
0.7575 0.970971
0.758 1.08509
0.7585 1.00901
0.759 0.958959
0.7595 0.940941
0.76 0.958961
0.7605 1.05906
0.761 0.988989
0.7615 0.974975
0.762 1.04505
0.7625 1.08308
0.763 1.13314
0.7635 1.05305
0.764 1.11712
0.7645 1.01301
0.765 1.00901
0.7655 1.07508
0.766 1.003
0.7665 0.964965
0.767 0.984985
0.7675 1.06507
0.768 1.04705
0.7685 0.984985
0.769 1.08509
0.7695 1.05105
0.77 0.994995
0.7705 1.04905
0.771 1.1011
0.7715 1.06708
0.772 0.960965
0.7725 1.05105
0.773 0.980981
0.7735 0.902903
0.774 1.04505
0.7745 1.07708
0.775 1.17518
0.7755 1.08909
0.776 1.07108
0.7765 1.1992
0.777 1.06907
0.7775 1.17317
0.778 1.10511
0.7785 1.13514
0.779 0.986987
0.7795 1.12713
0.78 1.07708
0.7805 1.12913
0.781 1.10511
0.7815 1.07307
0.782 1.12313
0.7825 0.972973
0.783 1.01301
0.7835 0.994995
0.784 1.11311
0.7845 1.14915
0.785 1.0991
0.7855 1.05506
0.786 1.12713
0.7865 1.13514
0.787 1.10711
0.7875 1.11111
0.788 0.912913
0.7885 1.08108
0.789 1.02102
0.7895 1.05706
0.79 1.16116
0.7905 1.15916
0.791 1.05105
0.7915 1.08109
0.792 1.11111
0.7925 1.07508
0.793 1.1952
0.7935 1.15716
0.794 1.15916
0.7945 1.14515
0.795 1.10911
0.7955 1.09309
0.796 1.15516
0.7965 1.0991
0.797 1.0991
0.7975 1.18319
0.798 1.25726
0.7985 1.13113
0.799 1.21922
0.7995 1.18919
0.8 1.22723
0.8005 1.16316
0.801 1.11512
0.8015 1.10711
0.802 1.14915
0.8025 1.13514
0.803 1.25926
0.8035 1.05906
0.804 0.996997
0.8045 1.24124
0.805 1.08108
0.8055 1.13714
0.806 1.12913
0.8065 1.22923
0.807 1.15316
0.8075 1.24525
0.808 1.22723
0.8085 1.25526
0.809 1.23123
0.8095 1.11512
0.81 1.20921
0.8105 1.11111
0.811 1.21522
0.8115 1.11312
0.812 1.30931
0.8125 1.26927
0.813 1.16116
0.8135 1.32132
0.814 1.32132
0.8145 1.33334
0.815 1.22723
0.8155 1.17518
0.816 1.21121
0.8165 1.24324
0.817 1.12713
0.8175 1.2953
0.818 1.2953
0.8185 1.25326
0.819 1.0951
0.8195 1.29329
0.82 1.19319
0.8205 1.22923
0.821 1.28929
0.8215 1.17118
0.822 1.22923
0.8225 1.27528
0.823 1.32533
0.8235 1.25726
0.824 1.13914
0.8245 1.21122
0.825 1.31131
0.8255 1.2953
0.826 1.21321
0.8265 1.2993
0.827 1.27127
0.8275 1.17918
0.828 1.26927
0.8285 1.16717
0.829 1.32132
0.8295 1.26327
0.83 1.36737
0.8305 1.41742
0.831 1.2993
0.8315 1.2993
0.832 1.37538
0.8325 1.24725
0.833 1.23524
0.8335 1.22122
0.834 1.16116
0.8345 1.43143
0.835 1.28729
0.8355 1.45145
0.836 1.21321
0.8365 1.40741
0.837 1.2993
0.8375 1.28329
0.838 1.27928
0.8385 1.32933
0.839 1.28328
0.8395 1.42142
0.84 1.25726
0.8405 1.31932
0.841 1.32333
0.8415 1.2953
0.842 1.36737
0.8425 1.44345
0.843 1.41542
0.8435 1.2973
0.844 1.2973
0.8445 1.36938
0.845 1.27928
0.8455 1.39339
0.846 1.32132
0.8465 1.42743
0.847 1.36137
0.8475 1.28328
0.848 1.2933
0.8485 1.48348
0.849 1.38338
0.8495 1.26326
0.85 1.34535
0.8505 1.44144
0.851 1.35335
0.8515 1.3974
0.852 1.41742
0.8525 1.47548
0.853 1.30531
0.8535 1.35536
0.854 1.37739
0.8545 1.42543
0.855 1.23924
0.8555 1.53554
0.856 1.40541
0.8565 1.38739
0.857 1.3974
0.8575 1.53554
0.858 1.48148
0.8585 1.50551
0.859 1.42342
0.8595 1.45345
0.86 1.57558
0.8605 1.35736
0.861 1.42343
0.8615 1.43944
0.862 1.53754
0.8625 1.4014
0.863 1.55356
0.8635 1.51151
0.864 1.51752
0.8645 1.47347
0.865 1.55155
0.8655 1.63564
0.866 1.5876
0.8665 1.40741
0.867 1.62964
0.8675 1.5856
0.868 1.45946
0.8685 1.65766
0.869 1.74174
0.8695 1.4955
0.87 1.63564
0.8705 1.58159
0.871 1.56557
0.8715 1.52953
0.872 1.67768
0.8725 1.63364
0.873 1.72773
0.8735 1.67768
0.874 1.62563
0.8745 1.55756
0.875 1.48949
0.8755 1.67968
0.876 1.59359
0.8765 1.67167
0.877 1.68168
0.8775 1.76377
0.878 1.61161
0.8785 1.68969
0.879 1.56357
0.8795 1.67568
0.88 1.6937
0.8805 1.67167
0.881 1.58759
0.8815 1.7958
0.882 1.78379
0.8825 1.66967
0.883 1.7017
0.8835 1.6937
0.884 1.73173
0.8845 1.75576
0.885 1.60761
0.8855 1.7017
0.886 1.6016
0.8865 1.73774
0.887 1.74775
0.8875 1.67969
0.888 1.65566
0.8885 1.62162
0.889 1.65566
0.8895 1.6977
0.89 1.81181
0.8905 1.85986
0.891 1.75776
0.8915 1.77978
0.892 1.80781
0.8925 1.84384
0.893 1.76777
0.8935 1.88589
0.894 1.82783
0.8945 1.95596
0.895 1.84184
0.8955 1.87588
0.896 1.76376
0.8965 1.82182
0.897 1.87988
0.8975 2.00001
0.898 1.76977
0.8985 1.92994
0.899 1.75576
0.8995 1.92994
0.9 1.90191
0.9005 1.8038
0.901 1.88989
0.9015 1.82783
0.902 1.97398
0.9025 1.91191
0.903 1.93994
0.9035 1.85385
0.904 1.91191
0.9045 2.1041
0.905 1.87187
0.9055 2.05005
0.906 1.996
0.9065 2.02403
0.907 2.03204
0.9075 2.06807
0.908 2.05005
0.9085 2.1982
0.909 2.11612
0.9095 1.996
0.91 2.1962
0.9105 1.91191
0.911 2.25025
0.9115 2.16617
0.912 2.26827
0.9125 2.08809
0.913 2.18619
0.9135 2.15416
0.914 2.21623
0.9145 2.13614
0.915 2.30031
0.9155 2.17017
0.916 2.3904
0.9165 2.20821
0.917 2.29631
0.9175 2.19019
0.918 2.14815
0.9185 2.31632
0.919 2.25626
0.9195 2.28228
0.92 2.29029
0.9205 2.34434
0.921 2.40841
0.9215 2.28429
0.922 2.34435
0.9225 2.42643
0.923 2.41441
0.9235 2.25425
0.924 2.5986
0.9245 2.34435
0.925 2.65265
0.9255 2.54254
0.926 2.32232
0.9265 2.62663
0.927 2.65666
0.9275 2.4965
0.928 2.59259
0.9285 2.38639
0.929 2.57458
0.9295 2.64065
0.93 2.50851
0.9305 2.64465
0.931 2.67868
0.9315 2.63063
0.932 2.69269
0.9325 2.76077
0.933 2.81282
0.9335 2.82283
0.934 2.66667
0.9345 2.81282
0.935 2.73874
0.9355 2.70671
0.936 2.52252
0.9365 2.80681
0.937 2.67067
0.9375 2.83083
0.938 2.91091
0.9385 2.95496
0.939 2.95896
0.9395 3.10111
0.94 3.01103
0.9405 3.0971
0.941 3.09309
0.9415 2.91892
0.942 3.00901
0.9425 3.07708
0.943 3.2032
0.9435 3.06707
0.944 3.06306
0.9445 3.10911
0.945 3.33534
0.9455 3.26126
0.946 3.18519
0.9465 3.41141
0.947 3.3013
0.9475 3.28929
0.948 3.44345
0.9485 3.3974
0.949 3.57358
0.9495 3.71572
0.95 3.5015
0.9505 3.48749
0.951 3.80781
0.9515 3.51352
0.952 3.69771
0.9525 3.61562
0.953 3.66767
0.9535 3.66166
0.954 3.78179
0.9545 3.96396
0.955 3.88589
0.9555 4.01603
0.956 4.00601
0.9565 3.81583
0.957 3.998
0.9575 4.21021
0.958 4.19419
0.9585 4.08809
0.959 4.24626
0.9595 4.2983
0.96 4.43844
0.9605 4.39239
0.961 4.26427
0.9615 4.42643
0.962 4.53854
0.9625 4.55856
0.963 4.73674
0.9635 4.66266
0.964 4.71271
0.9645 4.98299
0.965 5.08709
0.9655 4.84084
0.966 5.20521
0.9665 4.73874
0.967 5.14916
0.9675 5.22723
0.968 5.2933
0.9685 5.37138
0.969 5.65165
0.9695 5.35936
0.97 5.77378
0.9705 5.83584
0.971 5.96397
0.9715 5.85786
0.972 5.90992
0.9725 6.01802
0.973 5.98198
0.9735 6.36838
0.974 6.47849
0.9745 6.43045
0.975 6.5866
0.9755 6.66067
0.976 7.22924
0.9765 6.88288
0.977 7.12914
0.9775 6.99901
0.978 7.14516
0.9785 7.6957
0.979 7.67968
0.9795 7.94395
0.98 8.15216
0.9805 8.39241
0.981 8.35035
0.9815 8.80281
0.982 9.07508
0.9825 9.3934
0.983 9.4855
0.9835 9.44346
0.984 9.90793
0.9845 9.90792
0.985 10.014
0.9855 10.6226
0.986 10.961
0.9865 11.3233
0.987 11.4975
0.9875 11.8178
0.988 12.4084
0.9885 12.7488
0.989 13.4775
0.9895 14.3664
0.99 14.7988
0.9905 14.939
0.991 15.5055
0.9915 16.1281
0.992 17.035
0.9925 18.2563
0.993 19.3854
0.9935 20.0361
0.994 21.1392
0.9945 22.8709
0.995 23.93
0.9955 25.7017
0.996 26.8068
0.9965 29.6216
0.997 31.3954
0.9975 34.5386
0.998 36.8789
0.9985 40.3664
0.999 43.3734
0.9995 43.972
1.0 0
