0.0 404.811
0.0005 546282
0.001 204368
0.0015 0
0.002 134861
0.0025 93668
0.003 0
0.0035 70080.1
0.004 55209.1
0.0045 0
0.005 44916.1
0.0055 37444.5
0.006 0
0.0065 31799.4
0.007 27410.8
0.0075 0
0.008 23921.4
0.0085 21084.5
0.009 0
0.0095 18742.4
0.01 16802.2
0.0105 0
0.011 15135.4
0.0115 13713.2
0.012 0
0.0125 12517.4
0.013 11450.5
0.0135 0
0.014 10530.2
0.0145 9711.44
0.015 0
0.0155 8993.35
0.016 8348.91
0.0165 0
0.017 7779.33
0.0175 7258.52
0.018 0
0.0185 6807.85
0.019 6371.66
0.0195 0
0.02 5983.21
0.0205 5630.43
0.021 5314.95
0.0215 0
0.022 5035.84
0.0225 4758.04
0.023 0
0.0235 4520.35
0.024 4287.26
0.0245 0
0.025 4071.44
0.0255 3874.32
0.026 0
0.0265 3690.15
0.027 3516.4
0.0275 0
0.028 3362.78
0.0285 3215.38
0.029 0
0.0295 3078.22
0.03 2946.84
0.0305 0
0.031 2823.14
0.0315 2711.21
0.032 0
0.0325 2600.96
0.033 2500.26
0.0335 0
0.034 2405.05
0.0345 2318.64
0.035 0
0.0355 2230.28
0.036 2153.79
0.0365 0
0.037 2077.25
0.0375 1993.37
0.038 0
0.0385 1931.37
0.039 1865.58
0.0395 0
0.04 1801.33
0.0405 1743.77
0.041 0
0.0415 1688.02
0.042 1633.43
0.0425 1581.48
0.043 0
0.0435 1533.72
0.044 1490.4
0.0445 0
0.045 1444.27
0.0455 1396.33
0.046 0
0.0465 1359.36
0.047 1323.5
0.0475 0
0.048 1283.71
0.0485 1248.96
0.049 0
0.0495 1212.76
0.05 1181.12
0.0505 0
0.051 1151.41
0.0515 1120.85
0.052 0
0.0525 1089.27
0.053 1059
0.0535 0
0.054 1033.55
0.0545 1008.44
0.055 0
0.0555 985.625
0.056 959.725
0.0565 0
0.057 934.205
0.0575 908.736
0.058 0
0.0585 887.827
0.059 870.027
0.0595 0
0.06 846.339
0.0605 828.521
0.061 0
0.0615 812.818
0.062 793.739
0.0625 0
0.063 774.724
0.0635 757.622
0.064 741.554
0.0645 0
0.065 723.092
0.0655 708.133
0.066 0
0.0665 691.508
0.067 675.214
0.0675 0
0.068 662.928
0.0685 650.223
0.069 0
0.0695 635.22
0.07 623.965
0.0705 0
0.071 608.101
0.0715 602.277
0.072 0
0.0725 585.288
0.073 574.978
0.0735 0
0.074 564.129
0.0745 554.903
0.075 0
0.0755 543.444
0.076 535.948
0.0765 0
0.077 523.57
0.0775 508.371
0.078 0
0.0785 505.52
0.079 498.027
0.0795 0
0.08 484.391
0.0805 475.076
0.081 0
0.0815 467.75
0.082 459.346
0.0825 0
0.083 451.418
0.0835 445.031
0.084 0
0.0845 438.048
0.085 430.701
0.0855 422.127
0.086 0
0.0865 414.493
0.087 407.492
0.0875 0
0.088 402.615
0.0885 391.532
0.089 0
0.0895 386.807
0.09 381.722
0.0905 0
0.091 375.398
0.0915 366.205
0.092 0
0.0925 361.99
0.093 354.873
0.0935 0
0.094 350.955
0.0945 347.3
0.095 0
0.0955 340.102
0.096 336.981
0.0965 0
0.097 330.03
0.0975 324.605
0.098 0
0.0985 321.554
0.099 317.558
0.0995 0
0.1 311.272
0.1005 307.976
0.101 0
0.1015 302.425
0.102 298.048
0.1025 0
0.103 293.86
0.1035 289.32
0.104 0
0.1045 285.482
0.105 281.528
0.1055 0
0.106 277.009
0.1065 273.73
0.107 267.784
0.1075 0
0.108 267.626
0.1085 262.749
0.109 0
0.1095 257.438
0.11 255.452
0.1105 0
0.111 252.353
0.1115 247.492
0.112 0
0.1125 244.881
0.113 244.571
0.1135 0
0.114 238.2
0.1145 234.589
0.115 0
0.1155 232.851
0.116 229.726
0.1165 0
0.117 226.733
0.1175 221.766
0.118 0
0.1185 219.5
0.119 219.233
0.1195 0
0.12 215.836
0.1205 214.33
0.121 0
0.1215 209.778
0.122 208.322
0.1225 0
0.123 205.053
0.1235 201.928
0.124 0
0.1245 198.991
0.125 196.873
0.1255 0
0.126 194.989
0.1265 192.469
0.127 0
0.1275 188.811
0.128 188.186
0.1285 186.058
0.129 0
0.1295 185.065
0.13 180.2
0.1305 0
0.131 178.343
0.1315 177.151
0.132 0
0.1325 174.23
0.133 173.392
0.1335 0
0.134 170.234
0.1345 166.933
0.135 0
0.1355 168.224
0.136 166.086
0.1365 0
0.137 162.545
0.1375 161.928
0.138 0
0.1385 159.051
0.139 157.986
0.1395 0
0.14 157.311
0.1405 155.376
0.141 0
0.1415 153.191
0.142 151.378
0.1425 0
0.143 149.846
0.1435 148.585
0.144 0
0.1445 145.476
0.145 147.233
0.1455 0
0.146 143.444
0.1465 142.599
0.147 0
0.1475 139.962
0.148 139.283
0.1485 138.328
0.149 0
0.1495 136.044
0.15 133.646
0.1505 0
0.151 132.835
0.1515 131.203
0.152 0
0.1525 131.776
0.153 129.402
0.1535 0
0.154 127.86
0.1545 126.342
0.155 0
0.1555 124.943
0.156 123.442
0.1565 0
0.157 123.896
0.1575 121.237
0.158 0
0.1585 118.839
0.159 118.653
0.1595 0
0.16 118.559
0.1605 118.595
0.161 0
0.1615 113.99
0.162 115.636
0.1625 0
0.163 114.14
0.1635 113.081
0.164 0
0.1645 111.403
0.165 110.619
0.1655 0
0.166 111.698
0.1665 107.774
0.167 0
0.1675 108.569
0.168 106.943
0.1685 0
0.169 105.968
0.1695 105.271
0.17 103.498
0.1705 0
0.171 102.32
0.1715 103.049
0.172 0
0.1725 100.867
0.173 99.5997
0.1735 0
0.174 98.0582
0.1745 98.8309
0.175 0
0.1755 98.4466
0.176 96.4205
0.1765 0
0.177 96.4445
0.1775 95.1252
0.178 0
0.1785 92.2083
0.179 93.906
0.1795 0
0.18 92.3044
0.1805 91.6998
0.181 0
0.1815 91.1633
0.182 90.2643
0.1825 0
0.183 88.7188
0.1835 87.3174
0.184 0
0.1845 86.5326
0.185 86.907
0.1855 0
0.186 86.2243
0.1865 84.8389
0.187 0
0.1875 86.1843
0.188 84.4225
0.1885 0
0.189 83.0331
0.1895 83.0512
0.19 0
0.1905 81.2153
0.191 82.6527
0.1915 80.7708
0.192 0
0.1925 79.6137
0.193 79.0472
0.1935 0
0.194 78.2323
0.1945 79.2133
0.195 0
0.1955 76.5046
0.196 77.1773
0.1965 0
0.197 76.8189
0.1975 74.7588
0.198 0
0.1985 74.1322
0.199 74.4285
0.1995 0
0.2 73.926
0.2005 72.3665
0.201 0
0.2015 73.7198
0.202 71.912
0.2025 0
0.203 70.9891
0.2035 70.941
0.204 0
0.2045 69.7538
0.205 69.2313
0.2055 0
0.206 69.4736
0.2065 67.962
0.207 0
0.2075 68.4886
0.208 67.1012
0.2085 0
0.209 67.3134
0.2095 67.3114
0.21 0
0.2105 67.5676
0.211 66.5746
0.2115 0
0.212 64.5306
0.2125 64.8109
0.213 64.1622
0.2135 0
0.214 63.8079
0.2145 63.4655
0.215 0
0.2155 63.2994
0.216 62.3104
0.2165 0
0.217 62.3685
0.2175 62.3644
0.218 0
0.2185 61.8559
0.219 60.1262
0.2195 0
0.22 59.2093
0.2205 59.7358
0.221 0
0.2215 59.3814
0.222 58.935
0.2225 0
0.223 58.5446
0.2235 58.1982
0.224 0
0.2245 57.1712
0.225 56.7508
0.2255 0
0.226 57.4935
0.2265 56.4986
0.227 0
0.2275 55.4295
0.228 54.931
0.2285 0
0.229 54.9931
0.2295 55.4034
0.23 0
0.2305 54.6828
0.231 53.7038
0.2315 0
0.232 53.1352
0.2325 53.0271
0.233 0
0.2335 52.955
0.234 51.904
0.2345 52.6067
0.235 0
0.2355 51.5076
0.236 51.3835
0.2365 0
0.237 51.4295
0.2375 50.0141
0.238 0
0.2385 50.3564
0.239 50.2123
0.2395 0
0.24 49.4575
0.2405 49.1051
0.241 0
0.2415 48.9971
0.242 48.5926
0.2425 0
0.243 47.7898
0.2435 48.1983
0.244 0
0.2445 47.4635
0.245 46.953
0.2455 0
0.246 46.2603
0.2465 46.6367
0.247 0
0.2475 47.5316
0.248 46.1242
0.2485 0
0.249 45.968
0.2495 44.4585
0.25 0
0.2505 44.9089
0.251 45.958
0.2515 0
0.252 45.4134
0.2525 43.904
0.253 0
0.2535 43.8539
0.254 44.3024
0.2545 0
0.255 44.0861
0.2555 44.0301
0.256 43.0671
0.2565 0
0.257 42.2683
0.2575 42.7188
0.258 0
0.2585 42.5106
0.259 41.5916
0.2595 0
0.26 41.8138
0.2605 41.966
0.261 0
0.2615 41.0131
0.262 41.2453
0.2625 0
0.263 40.5025
0.2635 39.8839
0.264 0
0.2645 40.0941
0.265 40.0401
0.2655 0
0.266 39.2593
0.2665 39.001
0.267 0
0.2675 39.6457
0.268 38.5766
0.2685 0
0.269 39.4735
0.2695 38.919
0.27 0
0.2705 39.3114
0.271 38.4105
0.2715 0
0.272 38.2563
0.2725 37.8499
0.273 0
0.2735 37.2493
0.274 36.8849
0.2745 0
0.275 36.7428
0.2755 37.2052
0.276 0
0.2765 36.0701
0.277 36.0401
0.2775 36.4545
0.278 0
0.2785 35.8879
0.279 35.8659
0.2795 0
0.28 35.8619
0.2805 35.2593
0.281 0
0.2815 35.4715
0.282 34.8969
0.2825 0
0.283 34.8469
0.2835 33.922
0.284 0
0.2845 34.8889
0.285 34.2323
0.2855 0
0.286 34.2543
0.2865 34.0401
0.287 0
0.2875 33.5696
0.288 33.3334
0.2885 0
0.289 32.8849
0.2895 34.2683
0.29 0
0.2905 32.3664
0.291 32.961
0.2915 0
0.292 31.968
0.2925 32.4965
0.293 0
0.2935 31.8759
0.294 32.0661
0.2945 0
0.295 31.0651
0.2955 32.1022
0.296 0
0.2965 30.8549
0.297 30.941
0.2975 31.0951
0.298 0
0.2985 30.8589
0.299 29.7478
0.2995 0
0.3 30.2343
0.3005 30.2783
0.301 0
0.3015 30.0921
0.302 29.6857
0.3025 0
0.303 29.2253
0.3035 29.5135
0.304 0
0.3045 29.5836
0.305 30.0721
0.3055 0
0.306 29.5756
0.3065 28.981
0.307 0
0.3075 28.975
0.308 28.5326
0.3085 0
0.309 28.8349
0.3095 28.6206
0.31 0
0.3105 28.9169
0.311 27.8919
0.3115 0
0.312 27.5115
0.3125 27.8339
0.313 0
0.3135 27.7778
0.314 27.8098
0.3145 0
0.315 27.1352
0.3155 27.2373
0.316 0
0.3165 27.7217
0.317 27.3734
0.3175 0
0.318 27.3253
0.3185 26.7488
0.319 26.2543
0.3195 0
0.32 26.1582
0.3205 26.3444
0.321 0
0.3215 26.0961
0.322 25.5976
0.3225 0
0.323 25.5436
0.3235 26.2863
0.324 0
0.3245 26.3243
0.325 25.3333
0.3255 0
0.326 25.7898
0.3265 24.7268
0.327 0
0.3275 24.8529
0.328 25.6797
0.3285 0
0.329 24.5045
0.3295 25.4555
0.33 0
0.3305 24.7368
0.331 24.7227
0.3315 0
0.332 24.4765
0.3325 23.7898
0.333 0
0.3335 24.3244
0.334 23.5516
0.3345 0
0.335 23.7017
0.3355 23.954
0.336 0
0.3365 23.2433
0.337 24.1822
0.3375 0
0.338 23.6817
0.3385 23.5135
0.339 0
0.3395 23.6237
0.34 23.2773
0.3405 23.0551
0.341 0
0.3415 23.0611
0.342 23.1212
0.3425 0
0.343 22.7368
0.3435 22.2983
0.344 0
0.3445 22.3424
0.345 22.953
0.3455 0
0.346 22.4885
0.3465 21.994
0.347 0
0.3475 21.6417
0.348 21.6637
0.3485 0
0.349 21.6036
0.3495 21.4295
0.35 0
0.3505 21.9059
0.351 21.3854
0.3515 0
0.352 21.4314
0.3525 21.5195
0.353 0
0.3535 21.8499
0.354 20.993
0.3545 0
0.355 20.8228
0.3555 20.995
0.356 0
0.3565 21.2393
0.357 20.2102
0.3575 0
0.358 20.0501
0.3585 20.5566
0.359 0
0.3595 20.7708
0.36 19.938
0.3605 0
0.361 19.6417
0.3615 20.1802
0.362 20.4265
0.3625 0
0.363 19.986
0.3635 19.958
0.364 0
0.3645 20.0281
0.365 20.4665
0.3655 0
0.366 19.5135
0.3665 19.3113
0.367 0
0.3675 19.8378
0.368 18.6987
0.3685 0
0.369 19.2473
0.3695 19.3894
0.37 0
0.3705 19.2453
0.371 18.8288
0.3715 0
0.372 18.7668
0.3725 18.6907
0.373 0
0.3735 18.4104
0.374 18.4585
0.3745 0
0.375 18.4545
0.3755 18.5566
0.376 0
0.3765 18.4865
0.377 18.0881
0.3775 0
0.378 18.1642
0.3785 18.2763
0.379 0
0.3795 18.3043
0.38 18.3804
0.3805 0
0.381 17.8679
0.3815 17.6417
0.382 0
0.3825 17.7097
0.383 17.5976
0.3835 17.5736
0.384 0
0.3845 17.4955
0.385 17.8218
0.3855 0
0.386 17.7377
0.3865 17.1351
0.387 0
0.3875 16.5345
0.388 17.5175
0.3885 0
0.389 17.0971
0.3895 16.6106
0.39 0
0.3905 17.3233
0.391 17.021
0.3915 0
0.392 16.8909
0.3925 16.6326
0.393 0
0.3935 16.0721
0.394 16.5365
0.3945 0
0.395 16.5986
0.3955 15.6817
0.396 0
0.3965 16.1442
0.397 15.992
0.3975 0
0.398 16.3544
0.3985 16.4925
0.399 0
0.3995 16.1922
0.4 15.5936
0.4005 0
0.401 15.7057
0.4015 15.8899
0.402 0
0.4025 15.7958
0.403 15.5636
0.4035 0
0.404 15.3313
0.4045 15.2813
0.405 15.007
0.4055 0
0.406 15.2232
0.4065 15.3774
0.407 0
0.4075 15.3994
0.408 14.8449
0.4085 0
0.409 14.9049
0.4095 15.2793
0.41 0
0.4105 15.1932
0.411 14.943
0.4115 0
0.412 14.9289
0.4125 14.5706
0.413 0
0.4135 14.991
0.414 14.4765
0.4145 0
0.415 14.7728
0.4155 14.7287
0.416 0
0.4165 14.963
0.417 14.7167
0.4175 0
0.418 14.7468
0.4185 14.5846
0.419 0
0.4195 14.7087
0.42 14.0821
0.4205 0
0.421 14.3564
0.4215 14.4084
0.422 0
0.4225 14.4264
0.423 14.0541
0.4235 0
0.424 14.2903
0.4245 14.2623
0.425 0
0.4255 13.992
0.426 14.0701
0.4265 13.4675
0.427 0
0.4275 14.0941
0.428 13.8078
0.4285 0
0.429 13.7057
0.4295 13.6757
0.43 0
0.4305 13.6296
0.431 13.5676
0.4315 0
0.432 13.5636
0.4325 13.005
0.433 0
0.4335 13.2393
0.434 13.2593
0.4345 0
0.435 13.2513
0.4355 13.2633
0.436 0
0.4365 12.971
0.437 13.1872
0.4375 0
0.438 13.2272
0.4385 12.8329
0.439 0
0.4395 13.1772
0.44 12.971
0.4405 0
0.441 12.7628
0.4415 12.8289
0.442 0
0.4425 11.988
0.443 13.0711
0.4435 0
0.444 12.941
0.4445 12.9049
0.445 0
0.4455 12.5165
0.446 12.3163
0.4465 12.8028
0.447 0
0.4475 12.3444
0.448 12.4885
0.4485 0
0.449 12.0381
0.4495 12.1141
0.45 0
0.4505 12.0881
0.451 11.6857
0.4515 0
0.452 11.8679
0.4525 12.1321
0.453 0
0.4535 12.0541
0.454 12.018
0.4545 0
0.455 12.3344
0.4555 11.3574
0.456 0
0.4565 12.1562
0.457 11.8699
0.4575 0
0.458 11.5996
0.4585 11.6457
0.459 0
0.4595 11.3854
0.46 11.938
0.4605 0
0.461 11.1472
0.4615 11.3934
0.462 0
0.4625 11.2232
0.463 11.1171
0.4635 0
0.464 11.3414
0.4645 11.4955
0.465 0
0.4655 11.2032
0.466 11.2573
0.4665 0
0.467 11.7297
0.4675 11.3273
0.468 10.8268
0.4685 0
0.469 11.1091
0.4695 11.1492
0.47 0
0.4705 10.5906
0.471 10.4224
0.4715 0
0.472 11.1652
0.4725 10.5946
0.473 0
0.4735 10.7548
0.474 11.1692
0.4745 0
0.475 11.0931
0.4755 10.4024
0.476 0
0.4765 10.5205
0.477 10.6086
0.4775 0
0.478 10.2783
0.4785 10.5105
0.479 0
0.4795 10.2022
0.48 10.3324
0.4805 0
0.481 10.4985
0.4815 10.6487
0.482 0
0.4825 10.2843
0.483 10.2102
0.4835 0
0.484 10.3003
0.4845 9.91593
0.485 0
0.4855 10.4505
0.486 10.0761
0.4865 0
0.487 10.1682
0.4875 10.4545
0.488 0
0.4885 10.1361
0.489 9.92795
0.4895 9.8979
0.49 0
0.4905 9.7918
0.491 9.57558
0.4915 0
0.492 9.62764
0.4925 10.1602
0.493 0
0.4935 9.65567
0.494 9.42543
0.4945 0
0.495 9.94795
0.4955 9.77979
0.496 0
0.4965 10.2142
0.497 9.57559
0.4975 0
0.498 9.38939
0.4985 9.4755
0.499 0
0.4995 9.62764
0.5 9.22924
0.5005 0
0.501 9.02504
0.5015 9.75577
0.502 0
0.5025 9.27929
0.503 9.74175
0.5035 0
0.504 9.34736
0.5045 9.06707
0.505 0
0.5055 9.25726
0.506 8.75076
0.5065 0
0.507 8.993
0.5075 9.14115
0.508 0
0.5085 8.77478
0.509 9.21121
0.5095 0
0.51 9.27128
0.5105 9.21522
0.511 8.74476
0.5115 0
0.512 9.0951
0.5125 8.8969
0.513 0
0.5135 8.80481
0.514 8.63664
0.5145 0
0.515 8.80081
0.5155 8.99501
0.516 0
0.5165 8.96098
0.517 9.12914
0.5175 0
0.518 8.3964
0.5185 8.58259
0.519 0
0.5195 8.81282
0.52 8.65067
0.5205 0
0.521 8.82884
0.5215 8.42043
0.522 0
0.5225 8.75476
0.523 8.40042
0.5235 0
0.524 8.25426
0.5245 8.47048
0.525 0
0.5255 8.22224
0.526 8.35037
0.5265 0
0.527 8.40041
0.5275 8.36037
0.528 0
0.5285 8.29031
0.529 8.25226
0.5295 0
0.53 8.26027
0.5305 8.13415
0.531 0
0.5315 7.94995
0.532 8.08009
0.5325 7.98199
0.533 0
0.5335 7.88189
0.534 8.24626
0.5345 0
0.535 8.28631
0.5355 7.82383
0.536 0
0.5365 8.10612
0.537 7.79781
0.5375 0
0.538 7.91593
0.5385 7.71572
0.539 0
0.5395 7.65165
0.54 7.67968
0.5405 0
0.541 7.84384
0.5415 7.84185
0.542 0
0.5425 7.38339
0.543 7.70771
0.5435 0
0.544 7.54956
0.5445 7.48149
0.545 0
0.5455 8.00401
0.546 7.38539
0.5465 0
0.547 7.40742
0.5475 7.27528
0.548 0
0.5485 7.17519
0.549 7.5936
0.5495 0
0.55 7.51353
0.5505 7.33935
0.551 0
0.5515 7.25526
0.552 7.38339
0.5525 0
0.553 7.28529
0.5535 7.2953
0.554 7.15316
0.5545 0
0.555 7.31132
0.5555 7.13114
0.556 0
0.5565 7.22723
0.557 7.05506
0.5575 0
0.558 7.15116
0.5585 7.13315
0.559 0
0.5595 7.50352
0.56 7.1031
0.5605 0
0.561 6.87088
0.5615 7.32533
0.562 0
0.5625 7.04506
0.563 7.17719
0.5635 0
0.564 7.13115
0.5645 7.28729
0.565 0
0.5655 6.83884
0.566 6.89891
0.5665 0
0.567 6.72673
0.5675 7.0931
0.568 0
0.5685 6.985
0.569 6.86687
0.5695 0
0.57 7.2853
0.5705 6.95096
0.571 0
0.5715 6.8929
0.572 6.94495
0.5725 0
0.573 6.68268
0.5735 6.65866
0.574 6.79881
0.5745 0
0.575 6.7988
0.5755 7.00901
0.576 0
0.5765 6.63264
0.577 6.56858
0.5775 0
0.578 6.48048
0.5785 6.38038
0.579 0
0.5795 6.44444
0.58 6.81882
0.5805 0
0.581 6.36437
0.5815 6.993
0.582 0
0.5825 6.94695
0.583 6.55656
0.5835 0
0.584 6.3964
0.5845 6.61262
0.585 0
0.5855 6.12613
0.586 6.27828
0.5865 0
0.587 6.93494
0.5875 6.62263
0.588 0
0.5885 6.36637
0.589 6.33035
0.5895 0
0.59 6.14615
0.5905 5.93795
0.591 0
0.5915 6.25026
0.592 6.28829
0.5925 0
0.593 6.1942
0.5935 6.07007
0.594 0
0.5945 6.05006
0.595 5.88589
0.5955 6.05806
0.596 0
0.5965 5.98599
0.597 6.18419
0.5975 0
0.598 6.08008
0.5985 6.14815
0.599 0
0.5995 5.86788
0.6 6.33034
0.6005 0
0.601 5.81181
0.6015 5.98999
0.602 0
0.6025 5.94796
0.603 6.1962
0.6035 0
0.604 6.11213
0.6045 5.82583
0.605 0
0.6055 5.91993
0.606 5.98399
0.6065 0
0.607 5.91191
0.6075 5.92593
0.608 0
0.6085 5.85988
0.609 5.78379
0.6095 0
0.61 5.95796
0.6105 5.74375
0.611 0
0.6115 5.81382
0.612 5.71572
0.6125 0
0.613 5.56156
0.6135 5.62763
0.614 0
0.6145 5.74776
0.615 5.70771
0.6155 0
0.616 5.76176
0.6165 5.78179
0.617 5.64765
0.6175 0
0.618 5.55356
0.6185 5.90992
0.619 0
0.6195 5.71371
0.62 5.69971
0.6205 0
0.621 5.29331
0.6215 5.62163
0.622 0
0.6225 5.78378
0.623 5.54155
0.6235 0
0.624 5.54356
0.6245 5.27128
0.625 0
0.6255 5.40941
0.626 5.08909
0.6265 0
0.627 5.42744
0.6275 5.51152
0.628 0
0.6285 5.40941
0.629 5.65967
0.6295 0
0.63 5.4975
0.6305 5.22523
0.631 0
0.6315 5.3954
0.632 5.30731
0.6325 0
0.633 5.22723
0.6335 5.12514
0.634 0
0.6345 5.86788
0.635 5.17718
0.6355 0
0.636 5.45746
0.6365 5.17919
0.637 0
0.6375 4.99901
0.638 5.07308
0.6385 5.26527
0.639 0
0.6395 5.1912
0.64 5.14315
0.6405 0
0.641 4.97098
0.6415 5.08709
0.642 0
0.6425 5.28529
0.643 5.07708
0.6435 0
0.644 4.97898
0.6445 4.89089
0.645 0
0.6455 5.14315
0.646 5.003
0.6465 0
0.647 5.16317
0.6475 4.94896
0.648 0
0.6485 4.92293
0.649 4.989
0.6495 0
0.65 4.95696
0.6505 4.85487
0.651 0
0.6515 4.98099
0.652 4.74275
0.6525 0
0.653 4.71872
0.6535 4.82083
0.654 0
0.6545 4.80681
0.655 4.98699
0.6555 0
0.656 4.87088
0.6565 4.99099
0.657 0
0.6575 4.55456
0.658 4.68268
0.6585 0
0.659 4.73273
0.6595 4.67267
0.66 4.67269
0.6605 0
0.661 4.65465
0.6615 4.80081
0.662 0
0.6625 4.83284
0.663 4.67268
0.6635 0
0.664 4.48649
0.6645 4.72072
0.665 0
0.6655 4.71872
0.666 4.58459
0.6665 0
0.667 4.68068
0.6675 4.59059
0.668 0
0.6685 4.37639
0.669 4.6006
0.6695 0
0.67 4.53053
0.6705 4.59661
0.671 0
0.6715 4.47848
0.672 4.52653
0.6725 0
0.673 4.64465
0.6735 4.66667
0.674 0
0.6745 4.20621
0.675 4.36837
0.6755 0
0.676 4.65066
0.6765 4.35836
0.677 0
0.6775 4.50451
0.678 4.42443
0.6785 0
0.679 4.56056
0.6795 4.50651
0.68 0
0.6805 4.36837
0.681 4.31832
0.6815 4.2002
0.682 0
0.6825 4.30631
0.683 4.58059
0.6835 0
0.684 4.37638
0.6845 4.34234
0.685 0
0.6855 4.38639
0.686 4.38439
0.6865 0
0.687 4.21622
0.6875 4.31231
0.688 0
0.6885 4.32433
0.689 4.73674
0.6895 0
0.69 4.36638
0.6905 4.04204
0.691 0
0.6915 4.15817
0.692 4.31031
0.6925 0
0.693 4.34034
0.6935 4.25826
0.694 0
0.6945 4.56857
0.695 4.07007
0.6955 0
0.696 4.11211
0.6965 4.03805
0.697 0
0.6975 4.18219
0.698 4.12413
0.6985 0
0.699 4.1962
0.6995 3.98799
0.7 0
0.7005 4.04405
0.701 3.98999
0.7015 0
0.702 3.98399
0.7025 3.90191
0.703 3.88388
0.7035 0
0.704 4.23824
0.7045 4.1982
0.705 0
0.7055 4.36837
0.706 4.31232
0.7065 0
0.707 3.84186
0.7075 3.70371
0.708 0
0.7085 3.996
0.709 4.08209
0.7095 0
0.71 3.85786
0.7105 3.86988
0.711 0
0.7115 3.93995
0.712 3.74375
0.7125 0
0.713 3.80982
0.7135 3.96798
0.714 0
0.7145 3.82784
0.715 3.71572
0.7155 0
0.716 3.83985
0.7165 3.66567
0.717 0
0.7175 3.88789
0.718 4.00601
0.7185 0
0.719 3.74375
0.7195 3.6817
0.72 0
0.7205 3.81582
0.721 3.87388
0.7215 0
0.722 3.63163
0.7225 3.81982
0.723 3.72773
0.7235 0
0.724 3.55356
0.7245 3.65966
0.725 0
0.7255 3.88989
0.726 3.62162
0.7265 0
0.727 3.63164
0.7275 3.83184
0.728 0
0.7285 3.60161
0.729 3.8979
0.7295 0
0.73 3.71974
0.7305 3.73774
0.731 0
0.7315 3.48349
0.732 3.58358
0.7325 0
0.733 3.65966
0.7335 3.78179
0.734 0
0.7345 3.61762
0.735 3.57158
0.7355 0
0.736 3.4995
0.7365 3.60561
0.737 0
0.7375 3.51352
0.738 3.45345
0.7385 0
0.739 3.45346
0.7395 3.26728
0.74 0
0.7405 3.62764
0.741 3.59159
0.7415 0
0.742 3.49951
0.7425 3.47749
0.743 0
0.7435 3.45947
0.744 3.43143
0.7445 3.43544
0.745 0
0.7455 3.33133
0.746 3.61964
0.7465 0
0.747 3.43143
0.7475 3.45546
0.748 0
0.7485 3.50751
0.749 3.2993
0.7495 0
0.75 3.27928
0.7505 3.3954
0.751 0
0.7515 3.62363
0.752 3.25325
0.7525 0
0.753 3.25526
0.7535 3.33534
0.754 0
0.7545 3.1972
0.755 3.55956
0.7555 0
0.756 3.47347
0.7565 3.38539
0.757 0
0.7575 3.32533
0.758 3.20321
0.7585 0
0.759 3.47949
0.7595 3.24925
0.76 0
0.7605 3.04105
0.761 3.45145
0.7615 0
0.762 3.52753
0.7625 3.43744
0.763 0
0.7635 3.38939
0.764 3.21923
0.7645 0
0.765 2.997
0.7655 3.23524
0.766 3.13313
0.7665 0
0.767 3.26727
0.7675 3.18119
0.768 0
0.7685 2.92093
0.769 3.21121
0.7695 0
0.77 2.99099
0.7705 3.20721
0.771 0
0.7715 3.1952
0.772 3.08108
0.7725 0
0.773 3.17918
0.7735 3.2012
0.774 0
0.7745 3.02103
0.775 3.10711
0.7755 0
0.776 3.11112
0.7765 3.02302
0.777 0
0.7775 3.08108
0.778 3.31532
0.7785 0
0.779 2.98098
0.7795 3.06107
0.78 0
0.7805 3.14916
0.781 3.04705
0.7815 0
0.782 2.85886
0.7825 3.12313
0.783 0
0.7835 2.81882
0.784 3.07708
0.7845 0
0.785 3.05106
0.7855 3.04105
0.786 0
0.7865 2.8889
0.787 2.86887
0.7875 2.93093
0.788 0
0.7885 2.987
0.789 3.15115
0.7895 0
0.79 2.93493
0.7905 2.74474
0.791 0
0.7915 2.80481
0.792 2.96898
0.7925 0
0.793 2.82282
0.7935 3.003
0.794 0
0.7945 2.91291
0.795 2.87287
0.7955 0
0.796 2.81682
0.7965 2.84284
0.797 0
0.7975 2.77678
0.798 2.7868
0.7985 0
0.799 2.91892
0.7995 2.77077
0.8 0
0.8005 2.85886
0.801 2.85886
0.8015 0
0.802 2.73674
0.8025 2.81882
0.803 0
0.8035 2.7988
0.804 2.72472
0.8045 0
0.805 2.82082
0.8055 2.64665
0.806 0
0.8065 2.82283
0.807 2.66667
0.8075 0
0.808 2.74476
0.8085 2.75275
0.809 2.93894
0.8095 0
0.81 2.63664
0.8105 2.77678
0.811 0
0.8115 2.76476
0.812 2.63263
0.8125 0
0.813 2.72873
0.8135 2.72073
0.814 0
0.8145 2.71072
0.815 2.73874
0.8155 0
0.816 2.71672
0.8165 2.59259
0.817 0
0.8175 2.54254
0.818 2.72874
0.8185 0
0.819 2.55455
0.8195 2.54855
0.82 0
0.8205 2.55656
0.821 2.4945
0.8215 0
0.822 2.93293
0.8225 2.66466
0.823 0
0.8235 2.68469
0.824 2.61262
0.8245 0
0.825 2.85485
0.8255 2.44845
0.826 0
0.8265 2.69269
0.827 2.56257
0.8275 0
0.828 2.59059
0.8285 2.52854
0.829 0
0.8295 2.48048
0.83 2.55256
0.8305 2.58458
0.831 0
0.8315 2.58458
0.832 2.50851
0.8325 0
0.833 2.72072
0.8335 2.55856
0.834 0
0.8345 2.43844
0.835 2.33634
0.8355 0
0.836 2.48248
0.8365 2.57458
0.837 0
0.8375 2.4905
0.838 2.45245
0.8385 0
0.839 2.46247
0.8395 2.48048
0.84 0
0.8405 2.42042
0.841 2.52453
0.8415 0
0.842 2.36036
0.8425 2.53053
0.843 0
0.8435 2.43644
0.844 2.47248
0.8445 0
0.845 2.4024
0.8455 2.46847
0.846 0
0.8465 2.54454
0.847 2.41241
0.8475 0
0.848 2.34635
0.8485 2.36036
0.849 0
0.8495 2.51252
0.85 2.46847
0.8505 0
0.851 2.42042
0.8515 2.39039
0.852 2.44445
0.8525 0
0.853 2.43644
0.8535 2.34635
0.854 0
0.8545 2.38238
0.855 2.16017
0.8555 0
0.856 2.25025
0.8565 2.44244
0.857 0
0.8575 2.43444
0.858 2.2943
0.8585 0
0.859 2.37838
0.8595 2.37437
0.86 0
0.8605 2.28428
0.861 2.0961
0.8615 0
0.862 2.38839
0.8625 2.29429
0.863 0
0.8635 2.18218
0.864 2.27628
0.8645 0
0.865 2.24625
0.8655 2.31431
0.866 0
0.8665 2.17818
0.867 2.08008
0.8675 0
0.868 2.28829
0.8685 2.33033
0.869 0
0.8695 2.23023
0.87 2.37638
0.8705 0
0.871 2.25025
0.8715 2.36837
0.872 2.17818
0.8725 0
0.873 2.26426
0.8735 2.15416
0.874 0
0.8745 2.04404
0.875 2.34435
0.8755 0
0.876 2.04204
0.8765 2.18218
0.877 0
0.8775 2.22223
0.878 2.28028
0.8785 0
0.879 2.25426
0.8795 2.04805
0.88 0
0.8805 2
0.881 1.97798
0.8815 0
0.882 2.14615
0.8825 2.00201
0.883 0
0.8835 2.21422
0.884 2.13614
0.8845 0
0.885 2.24424
0.8855 2.12813
0.886 0
0.8865 2.12614
0.887 2.11812
0.8875 0
0.888 2.12613
0.8885 2.09409
0.889 0
0.8895 2.05406
0.89 2.07809
0.8905 0
0.891 2.05806
0.8915 2.21622
0.892 0
0.8925 2.07207
0.893 2.23824
0.8935 2.21021
0.894 0
0.8945 2.02803
0.895 2.23023
0.8955 0
0.896 2.08208
0.8965 1.96997
0.897 0
0.8975 2.12613
0.898 2.06006
0.8985 0
0.899 2.02603
0.8995 1.98799
0.9 0
0.9005 2.04004
0.901 2.004
0.9015 0
0.902 2.15416
0.9025 1.8919
0.903 0
0.9035 1.96397
0.904 2.10611
0.9045 0
0.905 2.06006
0.9055 1.95596
0.906 0
0.9065 2.01602
0.907 2.12012
0.9075 0
0.908 2.08208
0.9085 2.08008
0.909 0
0.9095 1.91592
0.91 2
0.9105 0
0.911 1.87588
0.9115 1.88589
0.912 0
0.9125 2.07808
0.913 1.97398
0.9135 0
0.914 1.8999
0.9145 1.95996
0.915 1.96597
0.9155 0
0.916 1.74575
0.9165 1.94394
0.917 0
0.9175 1.97998
0.918 1.93994
0.9185 0
0.919 2.07008
0.9195 1.93594
0.92 0
0.9205 1.91792
0.921 1.86587
0.9215 0
0.922 1.87989
0.9225 1.72573
0.923 0
0.9235 1.95596
0.924 1.84985
0.9245 0
0.925 2.07808
0.9255 1.84785
0.926 0
0.9265 1.98199
0.927 1.76376
0.9275 0
0.928 1.84585
0.9285 1.77177
0.929 0
0.9295 1.84184
0.93 1.78178
0.9305 0
0.931 1.81181
0.9315 1.76777
0.932 0
0.9325 1.76777
0.933 1.94795
0.9335 0
0.934 1.81582
0.9345 1.72172
0.935 0
0.9355 1.92993
0.936 1.7017
0.9365 1.85185
0.937 0
0.9375 1.88789
0.938 1.80981
0.9385 0
0.939 1.82182
0.9395 1.61963
0.94 0
0.9405 1.75976
0.941 1.60961
0.9415 0
0.942 1.83984
0.9425 1.80781
0.943 0
0.9435 1.8999
0.944 1.62363
0.9445 0
0.945 1.71972
0.9455 1.8018
0.946 0
0.9465 1.70571
0.947 1.72973
0.9475 0
0.948 1.73174
0.9485 1.78779
0.949 0
0.9495 1.80181
0.95 1.80981
0.9505 0
0.951 1.67368
0.9515 1.67568
0.952 0
0.9525 1.72573
0.953 1.68368
0.9535 0
0.954 1.82983
0.9545 1.68569
0.955 0
0.9555 1.61361
0.956 1.6016
0.9565 0
0.957 1.66366
0.9575 1.58759
0.958 1.73774
0.9585 0
0.959 1.62162
0.9595 1.58158
0.96 0
0.9605 1.60761
0.961 1.65366
0.9615 0
0.962 1.85385
0.9625 1.63964
0.963 0
0.9635 1.52152
0.964 1.78579
0.9645 0
0.965 1.65165
0.9655 1.43143
0.966 0
0.9665 1.61762
0.967 1.59159
0.9675 0
0.968 1.60161
0.9685 1.60961
0.969 0
0.9695 1.68168
0.97 1.65966
0.9705 0
0.971 1.53954
0.9715 1.51752
0.972 0
0.9725 1.3954
0.973 1.68969
0.9735 0
0.974 1.49149
0.9745 1.55355
0.975 0
0.9755 1.56156
0.976 1.47348
0.9765 0
0.977 1.62362
0.9775 1.52152
0.978 0
0.9785 1.53153
0.979 1.69169
0.9795 1.54154
0.98 0
0.9805 1.63764
0.981 1.72973
0.9815 0
0.982 1.57558
0.9825 1.53754
0.983 0
0.9835 1.54355
0.984 1.53153
0.9845 0
0.985 1.55356
0.9855 1.53954
0.986 0
0.9865 1.48549
0.987 1.55756
0.9875 0
0.988 1.48549
0.9885 1.43343
0.989 0
0.9895 1.47548
0.99 1.49349
0.9905 0
0.991 1.56957
0.9915 1.48949
0.992 0
0.9925 1.61162
0.993 1.41942
0.9935 0
0.994 1.40941
0.9945 1.33333
0.995 0
0.9955 1.3974
0.996 1.50751
0.9965 0
0.997 1.45747
0.9975 1.42743
0.998 0
0.9985 1.33334
0.999 1.21522
0.9995 0
1.0 0
