0 747.267
1 289.307
2 111.208
3 74.2726
4 52.2178
5 39.4553
6 31.3041
7 25.6446
8 21.4774
9 18.3
10 15.8526
11 13.8737
12 12.2653
13 10.9389
14 9.81766
15 8.86601
16 8.05954
17 7.35796
18 6.7444
19 6.2113
20 5.72762
21 5.32172
22 4.9382
23 4.6083
24 4.30278
25 4.02291
26 3.78124
27 3.549
28 3.34506
29 3.15924
30 2.98583
31 2.83234
32 2.67738
33 2.53809
34 2.41711
35 2.30731
36 2.19598
37 2.09481
38 1.99623
39 1.90997
40 1.82718
41 1.74919
42 1.67868
43 1.61032
44 1.54683
45 1.48543
46 1.42914
47 1.37534
48 1.32045
49 1.2746
50 1.22547
51 1.18582
52 1.14366
53 1.10747
54 1.07112
55 1.03751
56 0.999645
57 0.96988
58 0.93661
59 0.908822
60 0.882528
61 0.852067
62 0.828651
63 0.804814
64 0.780141
65 0.760092
66 0.735515
67 0.717334
68 0.695112
69 0.676855
70 0.662228
71 0.640277
72 0.62361
73 0.610917
74 0.595035
75 0.580665
76 0.564999
77 0.54922
78 0.534777
79 0.524868
80 0.512429
81 0.497645
82 0.489489
83 0.477742
84 0.466713
85 0.454914
86 0.444335
87 0.437954
88 0.427547
89 0.417959
90 0.408855
91 0.398127
92 0.389746
93 0.383025
94 0.374568
95 0.364221
96 0.357992
97 0.353275
98 0.346752
99 0.338762
100 0.330618
101 0.323773
102 0.320543
103 0.313114
104 0.305909
105 0.303086
106 0.298233
107 0.288097
108 0.2861
109 0.28064
110 0.277608
111 0.269548
112 0.265825
113 0.257822
114 0.254597
115 0.252774
116 0.247484
117 0.243988
118 0.239724
119 0.234155
120 0.2314
121 0.227385
122 0.223448
123 0.220914
124 0.216713
125 0.213166
126 0.210285
127 0.206401
128 0.203758
129 0.200219
130 0.196211
131 0.19349
132 0.192077
133 0.188185
134 0.185462
135 0.183098
136 0.180977
137 0.176438
138 0.173785
139 0.172988
140 0.170347
141 0.168022
142 0.1649
143 0.162602
144 0.160187
145 0.159339
146 0.155732
147 0.154673
148 0.152844
149 0.149907
150 0.148063
151 0.146197
152 0.143956
153 0.141783
154 0.1416
155 0.13781
156 0.136614
157 0.134954
158 0.133006
159 0.132604
160 0.130943
161 0.128353
162 0.125993
163 0.124603
164 0.124149
165 0.122027
166 0.120617
167 0.118801
168 0.117593
169 0.116644
170 0.115139
171 0.113443
172 0.112887
173 0.111377
174 0.109557
175 0.108235
176 0.106346
177 0.106213
178 0.104583
179 0.102294
180 0.102896
181 0.100231
182 0.099976
183 0.0988917
184 0.0981241
185 0.0961649
186 0.0957504
187 0.0950182
188 0.0943163
189 0.0927692
190 0.0926148
191 0.0898843
192 0.0902501
193 0.089488
194 0.0888447
195 0.086862
196 0.0851495
197 0.0849347
198 0.0842182
199 0.0824189
200 0.081865
201 0.0803224
202 0.0809288
203 0.0801295
204 0.0787313
205 0.0778056
206 0.0777832
207 0.0757076
208 0.0753339
209 0.0755463
210 0.0749394
211 0.0733915
212 0.0730629
213 0.0725775
214 0.0722154
215 0.0710903
216 0.0695606
217 0.0696852
218 0.0695141
219 0.0684138
220 0.0691807
221 0.0675668
222 0.0668378
223 0.0660199
224 0.0656283
225 0.0651536
226 0.0644856
227 0.0637503
228 0.0630282
229 0.0631807
230 0.0613639
231 0.0613851
232 0.0615097
233 0.0606074
234 0.0601842
235 0.059404
236 0.058685
237 0.0582543
238 0.0577197
239 0.0568868
240 0.0568213
241 0.0556035
242 0.0550233
243 0.055452
244 0.05524
245 0.0546452
246 0.0542956
247 0.0534812
248 0.053524
249 0.0531771
250 0.0523767
251 0.0515087
252 0.0516335
253 0.0501381
254 0.0499696
255 0.0511994
256 0.0497219
257 0.0492335
258 0.0493147
259 0.0493623
260 0.0479068
261 0.0477041
262 0.0478073
263 0.0473348
264 0.046891
265 0.0465673
266 0.0458074
267 0.0456894
268 0.0453431
269 0.044468
270 0.0439932
271 0.0450149
272 0.0441715
273 0.044026
274 0.0435955
275 0.0426028
276 0.0420446
277 0.0424349
278 0.0425513
279 0.0424445
280 0.0413715
281 0.0414572
282 0.0403639
283 0.0404308
284 0.0398367
285 0.0392627
286 0.0396696
287 0.0394901
288 0.0392363
289 0.0387209
290 0.0384587
291 0.0376952
292 0.0381082
293 0.0375913
294 0.0373654
295 0.0371319
296 0.0369473
297 0.0368823
298 0.0365236
299 0.0359606
300 0.0360783
301 0.0359057
302 0.035422
303 0.0350328
304 0.0354337
305 0.0346765
306 0.034615
307 0.0342247
308 0.0338058
309 0.0340671
310 0.0337341
311 0.0332703
312 0.0327965
313 0.032536
314 0.0322375
315 0.0327473
316 0.0326994
317 0.0319752
318 0.0321476
319 0.0313335
320 0.0314204
321 0.0310445
322 0.0312597
323 0.0309608
324 0.0310152
325 0.0302004
326 0.0306917
327 0.0304568
328 0.0298421
329 0.0294855
330 0.029841
331 0.0295574
332 0.0293058
333 0.0288595
334 0.0286631
335 0.0284733
336 0.0283232
337 0.0286066
338 0.0277194
339 0.0275215
340 0.027712
341 0.0277008
342 0.0270436
343 0.0273918
344 0.0269921
345 0.0266799
346 0.0260567
347 0.026936
348 0.0267996
349 0.0261625
350 0.0264108
351 0.0257444
352 0.0260796
353 0.0255626
354 0.0254189
355 0.0250222
356 0.025255
357 0.0251919
358 0.024629
359 0.0249824
360 0.0245244
361 0.0247696
362 0.0249858
363 0.0242043
364 0.0242325
365 0.0245036
366 0.0244078
367 0.0233525
368 0.0232587
369 0.0236274
370 0.023759
371 0.0226991
372 0.0231577
373 0.0231454
374 0.0230117
375 0.02275
376 0.0228372
377 0.0229849
378 0.0221348
379 0.0227215
380 0.0218419
381 0.0227304
382 0.0223089
383 0.0218147
384 0.0215027
385 0.0218318
386 0.0213741
387 0.021129
388 0.0208785
389 0.0210701
390 0.0207299
391 0.0212502
392 0.0208252
393 0.0209693
394 0.0208557
395 0.0205193
396 0.0195905
397 0.0202262
398 0.0198233
399 0.0200715
400 0.0199577
401 0.019932
402 0.0195956
403 0.0192534
404 0.0193648
405 0.0192347
406 0.0191239
407 0.018918
408 0.018873
409 0.0191511
410 0.018882
411 0.0189809
412 0.0186626
413 0.018668
414 0.0186387
415 0.0186948
416 0.0180942
417 0.0184224
418 0.0182846
419 0.0182315
420 0.0181151
421 0.0177049
422 0.0176768
423 0.0176473
424 0.0174726
425 0.01757
426 0.0173036
427 0.0177537
428 0.0176347
429 0.0171613
430 0.0173956
431 0.0168235
432 0.0170222
433 0.0169325
434 0.0170292
435 0.016152
436 0.016918
437 0.0169164
438 0.0165187
439 0.016321
440 0.0163044
441 0.0164252
442 0.0163549
443 0.0158879
444 0.0162365
445 0.0164753
446 0.0159586
447 0.0158993
448 0.0157142
449 0.0154702
450 0.0156474
451 0.0155182
452 0.0152494
453 0.015125
454 0.0159175
455 0.0152487
456 0.0151394
457 0.0149509
458 0.0150658
459 0.0150644
460 0.0148131
461 0.0149095
462 0.0148546
463 0.0145477
464 0.0147104
465 0.0145718
466 0.0142511
467 0.0143249
468 0.0145582
469 0.0138067
470 0.0138746
471 0.0141152
472 0.0137623
473 0.0139446
474 0.0139477
475 0.0136738
476 0.0139201
477 0.0141666
478 0.0132581
479 0.0138746
480 0.0132897
481 0.013875
482 0.0135598
483 0.0134443
484 0.0133393
485 0.0132149
486 0.0133677
487 0.0131033
488 0.0130695
489 0.0129296
490 0.013535
491 0.0132284
492 0.012738
493 0.0129706
494 0.0127046
495 0.0124552
496 0.0125641
497 0.0126474
498 0.0127482
499 0.0127728
500 0.0126547
501 0.0126645
502 0.0122806
503 0.0122873
504 0.0123862
505 0.0124106
506 0.012136
507 0.0123727
508 0.0120489
509 0.0120981
510 0.0120081
511 0.0120343
512 0.0119145
513 0.0118263
514 0.0116976
515 0.0115939
516 0.0116779
517 0.0116047
518 0.0119511
519 0.0115376
520 0.0116013
521 0.0114033
522 0.0113028
523 0.0113622
524 0.0110974
525 0.0109271
526 0.011387
527 0.0112623
528 0.0115115
529 0.010882
530 0.0110085
531 0.0111827
532 0.0112161
533 0.0111394
534 0.0111075
535 0.0110029
536 0.0109548
537 0.0108237
538 0.0111032
539 0.0106533
540 0.0106539
541 0.0108965
542 0.0107367
543 0.0105752
544 0.0106546
545 0.0109524
546 0.0106723
547 0.010422
548 0.0104519
549 0.0107438
550 0.0102897
551 0.0101269
552 0.0100219
553 0.0102101
554 0.010201
555 0.0102033
556 0.010291
557 0.0100255
558 0.00992265
559 0.00994037
560 0.0100508
561 0.00994141
562 0.0100086
563 0.00975821
564 0.00970065
565 0.00954343
566 0.00973484
567 0.00965185
568 0.00988717
569 0.0101729
570 0.00973064
571 0.00963173
572 0.00981532
573 0.00929553
574 0.00957766
575 0.00958344
576 0.00923523
577 0.00948512
578 0.00944416
579 0.00953812
580 0.00924563
581 0.0092199
582 0.00936602
583 0.00920967
584 0.00926055
585 0.00922766
586 0.00914021
587 0.0086342
588 0.00888662
589 0.00889267
590 0.00892703
591 0.00876721
592 0.00869416
593 0.0090079
594 0.00860064
595 0.00880123
596 0.00880841
597 0.00887568
598 0.00878162
599 0.0086875
600 0.00890872
601 0.00880451
602 0.00863573
603 0.00845841
604 0.00858287
605 0.00875598
606 0.00818242
607 0.00851039
608 0.00850747
609 0.00810333
610 0.00829222
611 0.00825578
612 0.00802924
613 0.00807868
614 0.00847413
615 0.00828086
616 0.00802079
617 0.00804743
618 0.00798543
619 0.00840887
620 0.00780282
621 0.00826381
622 0.0078357
623 0.00793569
624 0.00806801
625 0.00783879
626 0.00792773
627 0.00775244
628 0.0079041
629 0.00764325
630 0.00794599
631 0.00762242
632 0.00792609
633 0.00791003
634 0.00779681
635 0.00762774
636 0.00769742
637 0.0074017
638 0.00761128
639 0.00742261
640 0.00749833
641 0.00760602
642 0.00760739
643 0.00752518
644 0.00757296
645 0.00749509
646 0.00734342
647 0.00762412
648 0.00747064
649 0.00743982
650 0.00736326
651 0.00723853
652 0.00723098
653 0.00726028
654 0.00732637
655 0.00704863
656 0.00733542
657 0.00697238
658 0.00679775
659 0.0069896
660 0.00721095
661 0.00706454
662 0.00697389
663 0.0074114
664 0.00679912
665 0.00678883
666 0.00717985
667 0.00687207
668 0.0068042
669 0.00687125
670 0.00681623
671 0.00680907
672 0.0068862
673 0.00648033
674 0.00664249
675 0.00677677
676 0.00677188
677 0.00679121
678 0.00669688
679 0.00655128
680 0.00676689
681 0.00672088
682 0.00674902
683 0.0065731
684 0.00655544
685 0.00642106
686 0.00673462
687 0.00634586
688 0.0068483
689 0.0064016
690 0.00631766
691 0.00647168
692 0.00645108
693 0.00653646
694 0.00644917
695 0.00638197
696 0.00680279
697 0.00642129
698 0.00640498
699 0.00624772
700 0.00602981
701 0.00633583
702 0.00636896
703 0.00617931
704 0.0063047
705 0.00624734
706 0.00631193
707 0.00617753
708 0.00621934
709 0.00595383
710 0.00598774
711 0.0059718
712 0.0061352
713 0.00598691
714 0.00609999
715 0.00588335
716 0.00607118
717 0.00601581
718 0.00588165
719 0.00610113
720 0.00592087
721 0.00584636
722 0.00580637
723 0.00597689
724 0.00594873
725 0.00584038
726 0.0056247
727 0.00580335
728 0.00616116
729 0.00582859
730 0.00565804
731 0.00582665
732 0.00594378
733 0.00559686
734 0.00574022
735 0.00559566
736 0.00585647
737 0.00583958
738 0.00539954
739 0.00556195
740 0.00553371
741 0.00563775
742 0.005706
743 0.00541033
744 0.00580443
745 0.0056298
746 0.00559078
747 0.0056499
748 0.00559798
749 0.00551158
750 0.00538019
751 0.00538335
752 0.00529606
753 0.00556087
754 0.00532714
755 0.00545784
756 0.00531202
757 0.00525911
758 0.00535039
759 0.00551267
760 0.00519093
761 0.00504933
762 0.00542455
763 0.00511049
764 0.00537307
765 0.00522787
766 0.00527082
767 0.00521006
768 0.00537022
769 0.0051356
770 0.00526767
771 0.00539729
772 0.00525705
773 0.00500727
774 0.00510139
775 0.0049431
776 0.00512728
777 0.0050644
778 0.00505014
779 0.00490887
780 0.00505541
781 0.00498011
782 0.00504649
783 0.0051198
784 0.00496839
785 0.00493396
786 0.00507046
787 0.00482773
788 0.00497396
789 0.00486597
790 0.00485985
791 0.00472439
792 0.00492506
793 0.00512265
794 0.00459614
795 0.00503017
796 0.00472143
797 0.00474062
798 0.00509772
799 0.00477549
800 0.00506652
801 0.00480753
802 0.00492832
803 0.00479459
804 0.00447873
805 0.00473246
806 0.00486689
807 0.00446864
808 0.00459113
809 0.00455498
810 0.00469751
811 0.00471247
812 0.00458622
813 0.00469241
814 0.00452356
815 0.0048772
816 0.00451911
817 0.00455029
818 0.00428926
819 0.00437135
820 0.00452703
821 0.00462032
822 0.00448081
823 0.00457201
824 0.00471645
825 0.00481165
826 0.00460322
827 0.00438273
828 0.00476462
829 0.00449792
830 0.00436452
831 0.00445673
832 0.00440576
833 0.00454497
834 0.00439261
835 0.00448189
836 0.0045871
837 0.00407659
838 0.00439754
839 0.00425643
840 0.00418101
841 0.00425608
842 0.00426032
843 0.00448296
844 0.00432935
845 0.00413772
846 0.00428351
847 0.00428241
848 0.0040728
849 0.00417691
850 0.00438391
851 0.00412208
852 0.00427756
853 0.00418806
854 0.00412986
855 0.00431986
856 0.00414803
857 0.0043825
858 0.00437949
859 0.00414095
860 0.0041809
861 0.00401568
862 0.00416214
863 0.00422237
864 0.00418915
865 0.00411984
866 0.00405371
867 0.00417272
868 0.00403579
869 0.00390025
870 0.00411898
871 0.00390446
872 0.00410902
873 0.00393634
874 0.00396155
875 0.00404887
876 0.00392427
877 0.0038795
878 0.00398845
879 0.00386426
880 0.00414791
881 0.00383813
882 0.0037901
883 0.0037969
884 0.0039144
885 0.00381225
886 0.00392551
887 0.00376772
888 0.00377812
889 0.00382425
890 0.00391542
891 0.00380809
892 0.00397855
893 0.0038854
894 0.00382411
895 0.00416383
896 0.00386321
897 0.00366475
898 0.00378206
899 0.00378691
900 0.00365074
901 0.00369778
902 0.00390218
903 0.00372298
904 0.00359263
905 0.00374702
906 0.00367977
907 0.00359963
908 0.00354931
909 0.00380585
910 0.00382196
911 0.00364667
912 0.00351435
913 0.0037069
914 0.00366983
915 0.00352594
916 0.00360452
917 0.00373177
918 0.00376589
919 0.00387817
920 0.00357165
921 0.00355271
922 0.00348505
923 0.00357728
924 0.00374673
925 0.00350725
926 0.00351415
927 0.00351023
928 0.0035081
929 0.00372972
930 0.00326166
931 0.00355335
932 0.00345795
933 0.00343701
934 0.00341288
935 0.0034814
936 0.00352222
937 0.00374185
938 0.00354249
939 0.00355141
940 0.00347337
941 0.00349638
942 0.00339288
943 0.00337215
944 0.00356658
945 0.00327883
946 0.00353205
947 0.00336305
948 0.00340413
949 0.00335985
950 0.00331184
951 0.00337005
952 0.0033378
953 0.00331799
954 0.00323959
955 0.00336364
956 0.00337602
957 0.00315636
958 0.00331452
959 0.00338009
960 0.00331603
961 0.00336885
962 0.00331796
963 0.00331479
964 0.00340789
965 0.00299984
966 0.00320561
967 0.00312414
968 0.0032897
969 0.00308629
970 0.00326783
971 0.00330975
972 0.00346511
973 0.00324278
974 0.00322446
975 0.00329066
976 0.00318738
977 0.00307728
978 0.00306403
979 0.00318541
980 0.00307622
981 0.0030651
982 0.00325665
983 0.00306313
984 0.00314437
985 0.00315227
986 0.00313141
987 0.0030901
988 0.00289363
989 0.003154
990 0.00283955
991 0.00312209
992 0.00300822
993 0.0030722
994 0.00311823
995 0.00311416
996 0.00308615
997 0.00302197
998 0.00284153
999 0.00302216
1000 0.00311232
1001 0.00289953
1002 0.00310212
1003 0.00297674
1004 0.00303291
1005 0.00284356
1006 0.00290863
1007 0.00292063
1008 0.00293989
1009 0.00302488
1010 0.00293277
1011 0.0029099
1012 0.00314248
1013 0.00286382
1014 0.00277641
1015 0.00290769
1016 0.00299696
1017 0.00289564
1018 0.00296079
1019 0.00302283
1020 0.00284852
1021 0.00310735
1022 0.00291281
1023 0.00298588
1024 0.00278144
1025 0.00302514
1026 0.00294565
1027 0.00297484
1028 0.00278057
1029 0.00272406
1030 0.00284943
1031 0.00282029
1032 0.00277927
1033 0.00273732
1034 0.00284849
1035 0.00289375
1036 0.00290137
1037 0.00272631
1038 0.00290574
1039 0.00287173
1040 0.00266581
1041 0.0028294
1042 0.00279332
1043 0.00281641
1044 0.0028556
1045 0.00276235
1046 0.00265812
1047 0.00279037
1048 0.00289479
1049 0.00271935
1050 0.00273834
1051 0.00273635
1052 0.00256883
1053 0.00265309
1054 0.00264008
1055 0.0028355
1056 0.0027693
1057 0.0027844
1058 0.00265609
1059 0.00265618
1060 0.00272149
1061 0.00253676
1062 0.00277339
1063 0.00257189
1064 0.00259586
1065 0.00253878
1066 0.00258468
1067 0.0028174
1068 0.00275634
1069 0.00268912
1070 0.00246255
1071 0.00270601
1072 0.00255689
1073 0.0025708
1074 0.00259892
1075 0.00264616
1076 0.00250667
1077 0.00273229
1078 0.00271616
1079 0.0025908
1080 0.00258682
1081 0.00266504
1082 0.00252577
1083 0.00275728
1084 0.00268899
1085 0.00273127
1086 0.00249055
1087 0.00266295
1088 0.00264889
1089 0.00254867
1090 0.00258878
1091 0.00261991
1092 0.00249049
1093 0.00255379
1094 0.00266403
1095 0.00239636
1096 0.00256788
1097 0.00244936
1098 0.00236132
1099 0.00256977
1100 0.00253647
1101 0.00258385
1102 0.00234527
1103 0.00236245
1104 0.00248241
1105 0.00245341
1106 0.00231004
1107 0.00239436
1108 0.0024205
1109 0.00245056
1110 0.00244541
1111 0.00238112
1112 0.00234013
1113 0.00228232
1114 0.00244137
1115 0.00231435
1116 0.00225194
1117 0.00232518
1118 0.00244157
1119 0.00242048
1120 0.00243655
1121 0.00244449
1122 0.00240024
1123 0.00232407
1124 0.00228
1125 0.0023972
1126 0.00243718
1127 0.00222894
1128 0.00226496
1129 0.00230418
1130 0.00239216
1131 0.00238118
1132 0.00235028
1133 0.00229995
1134 0.002196
1135 0.00239825
1136 0.00237223
1137 0.00235025
1138 0.00228808
1139 0.00236512
1140 0.00233224
1141 0.00238931
1142 0.00230803
1143 0.00226807
1144 0.00225785
1145 0.00222875
1146 0.00225292
1147 0.00234016
1148 0.00235021
1149 0.00243744
1150 0.00222889
1151 0.00223584
1152 0.00223997
1153 0.00215088
1154 0.00224703
1155 0.0022088
1156 0.00234624
1157 0.00206738
1158 0.00220586
1159 0.00217358
1160 0.00228615
1161 0.00232422
1162 0.00223996
1163 0.00224195
1164 0.00224765
1165 0.00215177
1166 0.00227315
1167 0.00223618
1168 0.00222091
1169 0.00215284
1170 0.0023231
1171 0.00215858
1172 0.00214559
1173 0.00217485
1174 0.00221094
1175 0.00211468
1176 0.00200339
1177 0.00207552
1178 0.00209261
1179 0.00225891
1180 0.00204652
1181 0.00218781
1182 0.00208751
1183 0.00204151
1184 0.00192691
1185 0.00208555
1186 0.00218363
1187 0.00203958
1188 0.00209453
1189 0.00193624
1190 0.00210451
1191 0.00197424
1192 0.00211259
1193 0.00200243
1194 0.00201625
1195 0.00222792
1196 0.00189608
1197 0.0020394
1198 0.00212559
1199 0.00198919
1200 0.0020785
1201 0.00209741
1202 0.00198408
1203 0.00212379
1204 0.00201537
1205 0.0021917
1206 0.0022109
1207 0.00212966
1208 0.00195513
1209 0.00201227
1210 0.0020636
1211 0.00186181
1212 0.00219587
1213 0.00206949
1214 0.00200139
1215 0.00192208
1216 0.00195926
1217 0.00201544
1218 0.00185895
1219 0.00182801
1220 0.00204035
1221 0.00187998
1222 0.00196719
1223 0.0020054
1224 0.00196008
1225 0.00209032
1226 0.00211458
1227 0.00195017
1228 0.0019512
1229 0.00200034
1230 0.00180565
1231 0.00194124
1232 0.00197733
1233 0.00184591
1234 0.00193593
1235 0.00209166
1236 0.00195331
1237 0.00194916
1238 0.00200243
1239 0.00193908
1240 0.00195204
1241 0.00202151
1242 0.00198019
1243 0.00195712
1244 0.00188491
1245 0.00184684
1246 0.00197113
1247 0.00198213
1248 0.00190211
1249 0.00181478
1250 0.00196715
1251 0.00189997
1252 0.00179974
1253 0.00184193
1254 0.00194221
1255 0.00174882
1256 0.00190201
1257 0.00187382
1258 0.00177063
1259 0.0019253
1260 0.00188699
1261 0.00191315
1262 0.00188918
1263 0.00184795
1264 0.00182184
1265 0.00189804
1266 0.00185796
1267 0.00177274
1268 0.00192013
1269 0.00188105
1270 0.00181076
1271 0.00171144
1272 0.00174365
1273 0.00173957
1274 0.00186392
1275 0.00175769
1276 0.00183992
1277 0.00190113
1278 0.00188893
1279 0.00192595
1280 0.00164139
1281 0.00173047
1282 0.00183381
1283 0.00193332
1284 0.00178371
1285 0.00184582
1286 0.00179664
1287 0.00177958
1288 0.0017506
1289 0.00182072
1290 0.00183105
1291 0.00186186
1292 0.00191506
1293 0.00175277
1294 0.00176371
1295 0.00175573
1296 0.00172458
1297 0.00163941
1298 0.00184388
1299 0.00166026
1300 0.00163949
1301 0.0018128
1302 0.00173653
1303 0.0016574
1304 0.00167948
1305 0.00164235
1306 0.00166526
1307 0.00177374
1308 0.00174354
1309 0.0018057
1310 0.0017727
1311 0.0017505
1312 0.00165543
1313 0.00157511
1314 0.00176957
1315 0.00186983
1316 0.00179077
1317 0.00170036
1318 0.00173058
1319 0.00179472
1320 0.00171254
1321 0.00172261
1322 0.0015913
1323 0.0016253
1324 0.00178571
1325 0.00177038
1326 0.00173779
1327 0.00164233
1328 0.0016224
1329 0.00172551
1330 0.00174771
1331 0.00177459
1332 0.0015732
1333 0.00171058
1334 0.00168541
1335 0.00170659
1336 0.00157421
1337 0.00166643
1338 0.00160734
1339 0.00163149
1340 0.00169263
1341 0.00152704
1342 0.00161026
1343 0.00164418
1344 0.00158327
1345 0.00161921
1346 0.00162016
1347 0.00174462
1348 0.00162013
1349 0.00157703
1350 0.00149091
1351 0.0015643
1352 0.00150908
1353 0.00162334
1354 0.00155512
1355 0.00156807
1356 0.00152403
1357 0.00154601
1358 0.00156018
1359 0.0015761
1360 0.00153995
1361 0.00164447
1362 0.00167728
1363 0.00158225
1364 0.00154913
1365 0.00167444
1366 0.00145474
1367 0.00145884
1368 0.00154411
1369 0.00154608
1370 0.00164035
1371 0.00158525
1372 0.00158633
1373 0.00153705
1374 0.00160133
1375 0.00148189
1376 0.00138473
1377 0.00138452
1378 0.00146889
1379 0.00152207
1380 0.00143599
1381 0.0014208
1382 0.00161827
1383 0.00145304
1384 0.00143588
1385 0.00151402
1386 0.00145392
1387 0.00141878
1388 0.00147498
1389 0.00143976
1390 0.00155205
1391 0.00151205
1392 0.00147195
1393 0.00143484
1394 0.00152511
1395 0.0013417
1396 0.00139566
1397 0.00136577
1398 0.00129146
1399 0.00111802
1400 4.03404
