0.0 403.682
0.0005 546210
0.001 204429
0.0015 0
0.002 134873
0.0025 93688.2
0.003 0
0.0035 70093.8
0.004 55195.3
0.0045 0
0.005 44938.9
0.0055 37459.1
0.006 0
0.0065 31805.3
0.007 27392.6
0.0075 0
0.008 23911.2
0.0085 21086.3
0.009 0
0.0095 18748.6
0.01 16791.4
0.0105 0
0.011 15146.2
0.0115 13726.8
0.012 0
0.0125 12519.4
0.013 11455.8
0.0135 0
0.014 10532.1
0.0145 9708.43
0.015 0
0.0155 8997.32
0.016 8354.61
0.0165 0
0.017 7772.86
0.0175 7268.36
0.018 0
0.0185 6796.52
0.019 6374.81
0.0195 0
0.02 5984.97
0.0205 5641.75
0.021 5326.9
0.0215 0
0.022 5028.23
0.0225 4755.43
0.023 0
0.0235 4514.28
0.024 4280.64
0.0245 0
0.025 4072.29
0.0255 3869.89
0.026 0
0.0265 3687.8
0.027 3522.84
0.0275 0
0.028 3361.82
0.0285 3214.59
0.029 0
0.0295 3078.48
0.03 2945.14
0.0305 0
0.031 2826.44
0.0315 2711.91
0.032 0
0.0325 2604.45
0.033 2498.62
0.0335 0
0.034 2409.39
0.0345 2314.07
0.035 0
0.0355 2231.12
0.036 2150.15
0.0365 0
0.037 2077.51
0.0375 1998.31
0.038 0
0.0385 1930.15
0.039 1864.29
0.0395 0
0.04 1805.98
0.0405 1743.5
0.041 0
0.0415 1687.41
0.042 1635.09
0.0425 1579.21
0.043 0
0.0435 1534.92
0.044 1487.78
0.0445 0
0.045 1442.14
0.0455 1397.7
0.046 0
0.0465 1360.58
0.047 1322.27
0.0475 0
0.048 1285.23
0.0485 1245.64
0.049 0
0.0495 1212.59
0.05 1178.19
0.0505 0
0.051 1147.26
0.0515 1117.84
0.052 0
0.0525 1087.8
0.053 1058.49
0.0535 0
0.054 1032.78
0.0545 1005.37
0.055 0
0.0555 981.933
0.056 957.256
0.0565 0
0.057 932.8
0.0575 908.772
0.058 0
0.0585 889.218
0.059 867.526
0.0595 0
0.06 846.157
0.0605 825.561
0.061 0
0.0615 809.685
0.062 792.944
0.0625 0
0.063 772.031
0.0635 754.914
0.064 741.112
0.0645 0
0.065 724.079
0.0655 707.02
0.066 0
0.0665 693.989
0.067 678.918
0.0675 0
0.068 664.93
0.0685 649.626
0.069 0
0.0695 637.73
0.07 624.469
0.0705 0
0.071 609.756
0.0715 598.349
0.072 0
0.0725 587.678
0.073 574.553
0.0735 0
0.074 565.4
0.0745 553.88
0.075 0
0.0755 543.67
0.076 533.042
0.0765 0
0.077 522.735
0.0775 513.662
0.078 0
0.0785 503.42
0.079 493.94
0.0795 0
0.08 485.618
0.0805 475.512
0.081 0
0.0815 470.531
0.082 460.929
0.0825 0
0.083 449.013
0.0835 442.091
0.084 0
0.0845 436.271
0.085 428.981
0.0855 420.687
0.086 0
0.0865 414.223
0.087 405.58
0.0875 0
0.088 401.338
0.0885 395.534
0.089 0
0.0895 387.005
0.09 380.062
0.0905 0
0.091 375.718
0.0915 368.519
0.092 0
0.0925 361.934
0.093 359.029
0.0935 0
0.094 352.507
0.0945 346.929
0.095 0
0.0955 341.031
0.096 335.69
0.0965 0
0.097 330.186
0.0975 325.528
0.098 0
0.0985 320.849
0.099 316.233
0.0995 0
0.1 312.471
0.1005 308.273
0.101 0
0.1015 302.489
0.102 297.902
0.1025 0
0.103 294.757
0.1035 289.31
0.104 0
0.1045 285.37
0.105 280.263
0.1055 0
0.106 278.258
0.1065 273.412
0.107 269.025
0.1075 0
0.108 264.321
0.1085 262.459
0.109 0
0.1095 257.928
0.11 255.057
0.1105 0
0.111 250.339
0.1115 249.5
0.112 0
0.1125 245.658
0.113 241.784
0.1135 0
0.114 237.087
0.1145 236.515
0.115 0
0.1155 232.605
0.116 229.622
0.1165 0
0.117 226.313
0.1175 223.019
0.118 0
0.1185 221.217
0.119 217.658
0.1195 0
0.12 214.553
0.1205 211.149
0.121 0
0.1215 210.373
0.122 207.396
0.1225 0
0.123 204.224
0.1235 202.096
0.124 0
0.1245 198.911
0.125 197.778
0.1255 0
0.126 193.992
0.1265 192.479
0.127 0
0.1275 188.389
0.128 188.413
0.1285 184.575
0.129 0
0.1295 183.159
0.13 181.88
0.1305 0
0.131 179.251
0.1315 176.07
0.132 0
0.1325 174.661
0.133 172.693
0.1335 0
0.134 170.114
0.1345 167.92
0.135 0
0.1355 166.879
0.136 165.552
0.1365 0
0.137 164.27
0.1375 162.465
0.138 0
0.1385 160.09
0.139 158.835
0.1395 0
0.14 156.567
0.1405 155.39
0.141 0
0.1415 153.313
0.142 151.98
0.1425 0
0.143 149.89
0.1435 147.604
0.144 0
0.1445 146.188
0.145 144.481
0.1455 0
0.146 142.743
0.1465 141.968
0.147 0
0.1475 140.05
0.148 138.607
0.1485 138.296
0.149 0
0.1495 135.594
0.15 135.772
0.1505 0
0.151 133.992
0.1515 131.43
0.152 0
0.1525 130.837
0.153 129.426
0.1535 0
0.154 127.832
0.1545 127.281
0.155 0
0.1555 125.596
0.156 123.504
0.1565 0
0.157 123.918
0.1575 122.437
0.158 0
0.1585 121.021
0.159 119.446
0.1595 0
0.16 118.863
0.1605 117.275
0.161 0
0.1615 116.455
0.162 115.151
0.1625 0
0.163 113.382
0.1635 113.319
0.164 0
0.1645 111.422
0.165 110.935
0.1655 0
0.166 109.44
0.1665 109.059
0.167 0
0.1675 107.754
0.168 106.675
0.1685 0
0.169 105.538
0.1695 104.517
0.17 102.975
0.1705 0
0.171 102.711
0.1715 101.544
0.172 0
0.1725 101.011
0.173 100.338
0.1735 0
0.174 99.3875
0.1745 99.3395
0.175 0
0.1755 97.1633
0.176 97.2413
0.1765 0
0.177 95.7558
0.1775 94.4665
0.178 0
0.1785 94.4566
0.179 92.8189
0.1795 0
0.18 91.2874
0.1805 91.1933
0.181 0
0.1815 90.6988
0.182 89.9921
0.1825 0
0.183 89.2313
0.1835 88.3505
0.184 0
0.1845 86.8349
0.185 86.6567
0.1855 0
0.186 85.7619
0.1865 86.0101
0.187 0
0.1875 84.4205
0.188 84.0021
0.1885 0
0.189 82.905
0.1895 82.2443
0.19 0
0.1905 81.91
0.191 80.965
0.1915 80.6487
0.192 0
0.1925 80.2923
0.193 79.1793
0.1935 0
0.194 79.4595
0.1945 78.5907
0.195 0
0.1955 76.9891
0.196 76.7608
0.1965 0
0.197 76.1742
0.1975 75.3815
0.198 0
0.1985 75.0571
0.199 73.882
0.1995 0
0.2 73.4635
0.2005 73.3534
0.201 0
0.2015 72.9811
0.202 72.1422
0.2025 0
0.203 71.0251
0.2035 70.925
0.204 0
0.2045 70.5206
0.205 69.98
0.2055 0
0.206 69.3194
0.2065 68.8709
0.207 0
0.2075 68.5326
0.208 67.8359
0.2085 0
0.209 67.6057
0.2095 66.5947
0.21 0
0.2105 66.0261
0.211 65.6157
0.2115 0
0.212 64.6087
0.2125 64.4105
0.213 64.0381
0.2135 0
0.214 64.4165
0.2145 62.6687
0.215 0
0.2155 62.913
0.216 62.5426
0.2165 0
0.217 61.1612
0.2175 60.935
0.218 0
0.2185 61.1852
0.219 61.0551
0.2195 0
0.22 59.6157
0.2205 60.6847
0.221 0
0.2215 58.9971
0.222 59.3194
0.2225 0
0.223 58.945
0.2235 57.98
0.224 0
0.2245 57.5296
0.225 57.4875
0.2255 0
0.226 56.8249
0.2265 56.4545
0.227 0
0.2275 56.2763
0.228 55.9981
0.2285 0
0.229 54.925
0.2295 54.8969
0.23 0
0.2305 54.4825
0.231 54.0161
0.2315 0
0.232 53.6037
0.2325 53.8539
0.233 0
0.2335 53.2613
0.234 52.7808
0.2345 52.5566
0.235 0
0.2355 51.5096
0.236 51.1832
0.2365 0
0.237 51.3654
0.2375 50.5586
0.238 0
0.2385 49.96
0.239 50.6527
0.2395 0
0.24 48.8789
0.2405 49.4635
0.241 0
0.2415 48.8969
0.242 48.941
0.2425 0
0.243 48.8249
0.2435 47.8619
0.244 0
0.2445 47.4815
0.245 47.7218
0.2455 0
0.246 47.6297
0.2465 46.8569
0.247 0
0.2475 46.8449
0.248 46.0961
0.2485 0
0.249 46.2883
0.2495 45.4435
0.25 0
0.2505 45.3374
0.251 45.2553
0.2515 0
0.252 44.5165
0.2525 44.4325
0.253 0
0.2535 44.7168
0.254 44.0541
0.2545 0
0.255 43.5836
0.2555 43.6216
0.256 43.0431
0.2565 0
0.257 43.4995
0.2575 42.3884
0.258 0
0.2585 42.2163
0.259 42.2203
0.2595 0
0.26 41.7398
0.2605 42.0121
0.261 0
0.2615 41.2313
0.262 41.1732
0.2625 0
0.263 40.3844
0.2635 40.1862
0.264 0
0.2645 40.3524
0.265 40.1462
0.2655 0
0.266 40.0521
0.2665 39.2433
0.267 0
0.2675 39.8479
0.268 38.6327
0.2685 0
0.269 38.975
0.2695 38.4885
0.27 0
0.2705 38.2323
0.271 37.98
0.2715 0
0.272 37.7978
0.2725 37.7017
0.273 0
0.2735 37.6096
0.274 37.2933
0.2745 0
0.275 36.6227
0.2755 36.4104
0.276 0
0.2765 36.1362
0.277 36.2042
0.2775 36.2703
0.278 0
0.2785 36.3083
0.279 36.1202
0.2795 0
0.28 35.4575
0.2805 35.1272
0.281 0
0.2815 34.937
0.282 34.6927
0.2825 0
0.283 34.5466
0.2835 34.7228
0.284 0
0.2845 34.7748
0.285 34.3904
0.2855 0
0.286 34.0181
0.2865 34.1442
0.287 0
0.2875 33.3914
0.288 33.7418
0.2885 0
0.289 33.2172
0.2895 32.937
0.29 0
0.2905 32.6967
0.291 32.5666
0.2915 0
0.292 32.5846
0.2925 32.3524
0.293 0
0.2935 32.0681
0.294 31.8519
0.2945 0
0.295 31.7698
0.2955 31.8579
0.296 0
0.2965 31.7938
0.297 31.3794
0.2975 31.0271
0.298 0
0.2985 31.0571
0.299 30.8649
0.2995 0
0.3 30.7007
0.3005 30.6146
0.301 0
0.3015 30.1862
0.302 30.0501
0.3025 0
0.303 30.3824
0.3035 30.0621
0.304 0
0.3045 29.3934
0.305 29.3934
0.3055 0
0.306 28.6667
0.3065 29.3053
0.307 0
0.3075 28.971
0.308 29.4715
0.3085 0
0.309 29.0791
0.3095 28.8168
0.31 0
0.3105 28.2363
0.311 28.0681
0.3115 0
0.312 28.2583
0.3125 27.7037
0.313 0
0.3135 27.7398
0.314 27.6857
0.3145 0
0.315 27.5856
0.3155 27.0891
0.316 0
0.3165 26.8569
0.317 26.8689
0.3175 0
0.318 26.3524
0.3185 26.3504
0.319 26.3324
0.3195 0
0.32 26.8168
0.3205 26.3244
0.321 0
0.3215 26.3684
0.322 26.1522
0.3225 0
0.323 25.8699
0.3235 25.7498
0.324 0
0.3245 25.7818
0.325 25.4314
0.3255 0
0.326 25.3634
0.3265 25.4415
0.327 0
0.3275 25.2553
0.328 24.947
0.3285 0
0.329 24.5526
0.3295 24.9109
0.33 0
0.3305 24.7147
0.331 24.4925
0.3315 0
0.332 24.4685
0.3325 24.1742
0.333 0
0.3335 24.2122
0.334 23.6637
0.3345 0
0.335 23.9139
0.3355 23.8299
0.336 0
0.3365 23.6016
0.337 23.5075
0.3375 0
0.338 23.6577
0.3385 23.1752
0.339 0
0.3395 23.2313
0.34 22.7808
0.3405 22.8749
0.341 0
0.3415 22.8449
0.342 22.7047
0.3425 0
0.343 22.8248
0.3435 22.3063
0.344 0
0.3445 22.4965
0.345 22.2663
0.3455 0
0.346 22.0321
0.3465 22.4705
0.347 0
0.3475 22.5466
0.348 22.0841
0.3485 0
0.349 21.8899
0.3495 21.4935
0.35 0
0.3505 21.944
0.351 21.3994
0.3515 0
0.352 21.6757
0.3525 21.3374
0.353 0
0.3535 21.2873
0.354 21.3093
0.3545 0
0.355 20.7628
0.3555 20.6086
0.356 0
0.3565 21.2613
0.357 20.8709
0.3575 0
0.358 20.3944
0.3585 20.4745
0.359 0
0.3595 20.1201
0.36 20.4284
0.3605 0
0.361 20.2363
0.3615 19.9119
0.362 20.026
0.3625 0
0.363 19.7398
0.3635 20.2423
0.364 0
0.3645 19.978
0.365 19.5796
0.3655 0
0.366 19.2493
0.3665 19.6296
0.367 0
0.3675 19.2993
0.368 19.1211
0.3685 0
0.369 19.4214
0.3695 19.5055
0.37 0
0.3705 18.979
0.371 18.8689
0.3715 0
0.372 18.6987
0.3725 19.023
0.373 0
0.3735 18.4325
0.374 18.4965
0.3745 0
0.375 18.6567
0.3755 18.3264
0.376 0
0.3765 18.5265
0.377 17.8639
0.3775 0
0.378 18.2423
0.3785 18.0301
0.379 0
0.3795 18.1502
0.38 17.5115
0.3805 0
0.381 17.8198
0.3815 18.0701
0.382 0
0.3825 18.0741
0.383 17.6917
0.3835 17.9219
0.384 0
0.3845 17.1672
0.385 17.3514
0.3855 0
0.386 17.4315
0.3865 17.2833
0.387 0
0.3875 17.7297
0.388 17.1492
0.3885 0
0.389 16.8489
0.3895 16.5986
0.39 0
0.3905 16.8348
0.391 16.953
0.3915 0
0.392 16.6226
0.3925 17.031
0.393 0
0.3935 16.6587
0.394 16.2623
0.3945 0
0.395 16.6206
0.3955 16.5866
0.396 0
0.3965 16.2563
0.397 16.3384
0.3975 0
0.398 16.3584
0.3985 16.3083
0.399 0
0.3995 16.024
0.4 16.1682
0.4005 0
0.401 15.7738
0.4015 16.0721
0.402 0
0.4025 15.956
0.403 15.7558
0.4035 0
0.404 15.7157
0.4045 15.5155
0.405 15.6296
0.4055 0
0.406 15.2893
0.4065 15.5836
0.407 0
0.4075 15.007
0.408 15.2973
0.4085 0
0.409 15.4375
0.4095 15.2673
0.41 0
0.4105 15.1171
0.411 15.2453
0.4115 0
0.412 15.0471
0.4125 15.0631
0.413 0
0.4135 14.8769
0.414 14.8589
0.4145 0
0.415 14.8028
0.4155 14.5546
0.416 0
0.4165 14.5285
0.417 14.7768
0.4175 0
0.418 14.4104
0.4185 14.3584
0.419 0
0.4195 14.5546
0.42 14.3043
0.4205 0
0.421 13.8158
0.4215 13.7998
0.422 0
0.4225 13.7297
0.423 13.982
0.4235 0
0.424 13.984
0.4245 14.1161
0.425 0
0.4255 13.958
0.426 14.2383
0.4265 13.7698
0.427 0
0.4275 13.4635
0.428 13.7277
0.4285 0
0.429 13.5996
0.4295 13.4134
0.43 0
0.4305 13.5195
0.431 13.7317
0.4315 0
0.432 13.2733
0.4325 13.5275
0.433 0
0.4335 13.007
0.434 12.941
0.4345 0
0.435 13.0551
0.4355 13.2533
0.436 0
0.4365 13.2112
0.437 13.2573
0.4375 0
0.438 12.9369
0.4385 12.8709
0.439 0
0.4395 12.6487
0.44 12.6847
0.4405 0
0.441 12.8349
0.4415 12.5686
0.442 0
0.4425 12.3404
0.443 12.7067
0.4435 0
0.444 12.3964
0.4445 12.2903
0.445 0
0.4455 12.4204
0.446 12.0641
0.4465 12.2883
0.447 0
0.4475 12.0941
0.448 12.3344
0.4485 0
0.449 12.6146
0.4495 12.5546
0.45 0
0.4505 12.0401
0.451 11.7718
0.4515 0
0.452 12.2282
0.4525 12.0841
0.453 0
0.4535 11.958
0.454 11.9239
0.4545 0
0.455 11.996
0.4555 11.984
0.456 0
0.4565 11.8719
0.457 11.6356
0.4575 0
0.458 11.4054
0.4585 11.6857
0.459 0
0.4595 11.5055
0.46 11.5876
0.4605 0
0.461 11.7177
0.4615 11.6417
0.462 0
0.4625 11.1972
0.463 11.7738
0.4635 0
0.464 11.2473
0.4645 11.1992
0.465 0
0.4655 11.4495
0.466 10.987
0.4665 0
0.467 11.0771
0.4675 11.1892
0.468 11.0411
0.4685 0
0.469 10.9129
0.4695 11.2773
0.47 0
0.4705 11.021
0.471 10.989
0.4715 0
0.472 10.6667
0.4725 10.6687
0.473 0
0.4735 10.8429
0.474 10.8549
0.4745 0
0.475 10.6787
0.4755 10.6266
0.476 0
0.4765 10.4064
0.477 10.5786
0.4775 0
0.478 10.4364
0.4785 10.3343
0.479 0
0.4795 10.5966
0.48 10.5946
0.4805 0
0.481 10.3303
0.4815 10.4284
0.482 0
0.4825 10.5165
0.483 10.2483
0.4835 0
0.484 10.3343
0.4845 10.0541
0.485 0
0.4855 10.1942
0.486 10.1702
0.4865 0
0.487 9.97598
0.4875 10.1562
0.488 0
0.4885 10.1942
0.489 10.024
0.4895 9.80982
0.49 0
0.4905 9.68971
0.491 9.89991
0.4915 0
0.492 10.028
0.4925 9.77979
0.493 0
0.4935 9.64565
0.494 9.92194
0.4945 0
0.495 9.83986
0.4955 9.72974
0.496 0
0.4965 9.32934
0.497 9.59561
0.4975 0
0.498 9.65367
0.4985 9.49351
0.499 0
0.4995 9.73775
0.5 9.5876
0.5005 0
0.501 9.4935
0.5015 9.1872
0.502 0
0.5025 9.42543
0.503 9.50551
0.5035 0
0.504 9.16518
0.5045 9.30531
0.505 0
0.5055 9.38741
0.506 9.36338
0.5065 0
0.507 9.33135
0.5075 9.02104
0.508 0
0.5085 8.92093
0.509 9.16317
0.5095 0
0.51 9.06708
0.5105 8.989
0.511 9.1932
0.5115 0
0.512 8.83685
0.5125 8.94095
0.513 0
0.5135 9.03905
0.514 8.77278
0.5145 0
0.515 8.73675
0.5155 8.84485
0.516 0
0.5165 8.78279
0.517 8.72473
0.5175 0
0.518 8.3884
0.5185 8.61062
0.519 0
0.5195 8.63464
0.52 8.61262
0.5205 0
0.521 8.66467
0.5215 8.4885
0.522 0
0.5225 8.51453
0.523 8.65267
0.5235 0
0.524 8.35837
0.5245 8.66667
0.525 0
0.5255 8.27629
0.526 8.25426
0.5265 0
0.527 8.24225
0.5275 8.53254
0.528 0
0.5285 8.1942
0.529 8.34435
0.5295 0
0.53 8.32033
0.5305 8.20421
0.531 0
0.5315 8.2943
0.532 8.14014
0.5325 7.91993
0.533 0
0.5335 8.1822
0.534 7.96797
0.5345 0
0.535 7.93995
0.5355 7.76978
0.536 0
0.5365 8.12813
0.537 7.98801
0.5375 0
0.538 8.01603
0.5385 7.83985
0.539 0
0.5395 7.83384
0.54 7.82183
0.5405 0
0.541 7.93795
0.5415 7.93995
0.542 0
0.5425 7.62563
0.543 7.93594
0.5435 0
0.544 7.76577
0.5445 7.81783
0.545 0
0.5455 7.60562
0.546 7.68769
0.5465 0
0.547 7.62164
0.5475 7.97198
0.548 0
0.5485 7.42743
0.549 7.45546
0.5495 0
0.55 7.45146
0.5505 7.46547
0.551 0
0.5515 7.34535
0.552 7.45146
0.5525 0
0.553 7.72774
0.5535 7.44745
0.554 7.21722
0.5545 0
0.555 7.40541
0.5555 7.50151
0.556 0
0.5565 7.26326
0.557 7.28529
0.5575 0
0.558 7.39541
0.5585 7.29931
0.559 0
0.5595 7.25326
0.56 7.22923
0.5605 0
0.561 7.20321
0.5615 6.997
0.562 0
0.5625 7.05306
0.563 6.94495
0.5635 0
0.564 7.08309
0.5645 7.15517
0.565 0
0.5655 6.96298
0.566 7.01502
0.5665 0
0.567 7.05106
0.5675 6.8989
0.568 0
0.5685 6.74274
0.569 7.00101
0.5695 0
0.57 6.87888
0.5705 6.7948
0.571 0
0.5715 6.80081
0.572 6.61061
0.5725 0
0.573 6.83084
0.5735 6.90691
0.574 6.61262
0.5745 0
0.575 6.83684
0.5755 6.53254
0.576 0
0.5765 6.64465
0.577 6.5966
0.5775 0
0.578 6.72873
0.5785 6.54255
0.579 0
0.5795 6.60461
0.58 6.34235
0.5805 0
0.581 6.3944
0.5815 6.71672
0.582 0
0.5825 6.47849
0.583 6.50851
0.5835 0
0.584 6.37638
0.5845 6.2943
0.585 0
0.5855 6.60662
0.586 6.36036
0.5865 0
0.587 6.44044
0.5875 6.44245
0.588 0
0.5885 6.43644
0.589 6.37838
0.5895 0
0.59 6.18619
0.5905 6.11012
0.591 0
0.5915 6.23824
0.592 6.24225
0.5925 0
0.593 6.28229
0.5935 6.30431
0.594 0
0.5945 6.27428
0.595 6.18418
0.5955 6.04405
0.596 0
0.5965 6.11212
0.597 6.32033
0.5975 0
0.598 6.06608
0.5985 6.04004
0.599 0
0.5995 6.16016
0.6 6.12213
0.6005 0
0.601 6.1962
0.6015 5.93394
0.602 0
0.6025 5.97999
0.603 6.04005
0.6035 0
0.604 6.02203
0.6045 5.91993
0.605 0
0.6055 5.84185
0.606 5.77178
0.6065 0
0.607 5.77377
0.6075 5.8879
0.608 0
0.6085 5.72773
0.609 5.93194
0.6095 0
0.61 5.78179
0.6105 5.96597
0.611 0
0.6115 5.80181
0.612 5.92393
0.6125 0
0.613 5.64765
0.6135 5.87989
0.614 0
0.6145 5.65166
0.615 5.73774
0.6155 0
0.616 5.80181
0.6165 5.73976
0.617 5.64765
0.6175 0
0.618 5.71972
0.6185 5.55155
0.619 0
0.6195 5.54956
0.62 5.56757
0.6205 0
0.621 5.35936
0.6215 5.65566
0.622 0
0.6225 5.53754
0.623 5.40541
0.6235 0
0.624 5.41342
0.6245 5.3914
0.625 0
0.6255 5.26327
0.626 5.40741
0.6265 0
0.627 5.41142
0.6275 5.52954
0.628 0
0.6285 5.2933
0.629 5.43544
0.6295 0
0.63 5.26727
0.6305 5.25926
0.631 0
0.6315 5.11912
0.632 5.42142
0.6325 0
0.633 5.16917
0.6335 5.12915
0.634 0
0.6345 5.33134
0.635 5.3974
0.6355 0
0.636 5.23525
0.6365 5.11912
0.637 0
0.6375 5.2893
0.638 5.06107
0.6385 5.08309
0.639 0
0.6395 5.35336
0.64 5.31532
0.6405 0
0.641 5.18319
0.6415 5.10311
0.642 0
0.6425 5.24125
0.643 5.11312
0.6435 0
0.644 5.15516
0.6445 5.00902
0.645 0
0.6455 5.12113
0.646 5.03504
0.6465 0
0.647 4.74875
0.6475 5.01903
0.648 0
0.6485 5.01702
0.649 4.98899
0.6495 0
0.65 4.82683
0.6505 5.06106
0.651 0
0.6515 4.93494
0.652 4.87087
0.6525 0
0.653 4.80881
0.6535 4.82082
0.654 0
0.6545 4.90291
0.655 4.66267
0.6555 0
0.656 4.86287
0.6565 4.86487
0.657 0
0.6575 4.87888
0.658 4.62263
0.6585 0
0.659 4.6947
0.6595 4.5986
0.66 4.71071
0.6605 0
0.661 4.77678
0.6615 4.67868
0.662 0
0.6625 4.66667
0.663 4.69871
0.6635 0
0.664 4.78078
0.6645 4.64465
0.665 0
0.6655 4.56257
0.666 4.58459
0.6665 0
0.667 4.6947
0.6675 4.4925
0.668 0
0.6685 4.58258
0.669 4.68669
0.6695 0
0.67 4.30031
0.6705 4.64665
0.671 0
0.6715 4.44245
0.672 4.65466
0.6725 0
0.673 4.46246
0.6735 4.52653
0.674 0
0.6745 4.57258
0.675 4.63664
0.6755 0
0.676 4.62863
0.6765 4.40841
0.677 0
0.6775 4.63063
0.678 4.22623
0.6785 0
0.679 4.32833
0.6795 4.27428
0.68 0
0.6805 4.35036
0.681 4.30831
0.6815 4.40841
0.682 0
0.6825 4.61461
0.683 4.33834
0.6835 0
0.684 4.35436
0.6845 4.28229
0.685 0
0.6855 4.43644
0.686 4.28029
0.6865 0
0.687 4.14215
0.6875 4.25626
0.688 0
0.6885 4.34435
0.689 4.28429
0.6895 0
0.69 4.2022
0.6905 4.15015
0.691 0
0.6915 4.24224
0.692 4.23824
0.6925 0
0.693 4.29229
0.6935 4.10211
0.694 0
0.6945 4.13413
0.695 4.21421
0.6955 0
0.696 4.04605
0.6965 4.0921
0.697 0
0.6975 4.22423
0.698 4.0921
0.6985 0
0.699 4.03805
0.6995 4.05005
0.7 0
0.7005 4.02803
0.701 4.03203
0.7015 0
0.702 3.93594
0.7025 4
0.703 4.04605
0.7035 0
0.704 4.14214
0.7045 3.83784
0.705 0
0.7055 4.05806
0.706 3.88188
0.7065 0
0.707 3.96397
0.7075 3.88989
0.708 0
0.7085 3.83784
0.709 3.93394
0.7095 0
0.71 4.04005
0.7105 3.96396
0.711 0
0.7115 3.87588
0.712 3.83584
0.7125 0
0.713 3.88388
0.7135 3.76977
0.714 0
0.7145 4.01402
0.715 3.94195
0.7155 0
0.716 3.77578
0.7165 3.92994
0.717 0
0.7175 3.81181
0.718 3.86186
0.7185 0
0.719 3.68169
0.7195 3.83784
0.72 0
0.7205 3.63364
0.721 3.84585
0.7215 0
0.722 3.78979
0.7225 3.70972
0.723 3.65967
0.7235 0
0.724 3.57558
0.7245 3.68969
0.725 0
0.7255 3.83985
0.726 3.60361
0.7265 0
0.727 3.76177
0.7275 3.6957
0.728 0
0.7285 3.75977
0.729 3.74975
0.7295 0
0.73 3.73574
0.7305 3.63964
0.731 0
0.7315 3.65166
0.732 3.56156
0.7325 0
0.733 3.41141
0.7335 3.46547
0.734 0
0.7345 3.53955
0.735 3.46747
0.7355 0
0.736 3.73374
0.7365 3.51151
0.737 0
0.7375 3.56957
0.738 3.45746
0.7385 0
0.739 3.57958
0.7395 3.4955
0.74 0
0.7405 3.48149
0.741 3.67969
0.7415 0
0.742 3.37939
0.7425 3.46947
0.743 0
0.7435 3.47347
0.744 3.54154
0.7445 3.42142
0.745 0
0.7455 3.3974
0.746 3.56357
0.7465 0
0.747 3.52953
0.7475 3.4915
0.748 0
0.7485 3.39541
0.749 3.25125
0.7495 0
0.75 3.45146
0.7505 3.44945
0.751 0
0.7515 3.40941
0.752 3.48349
0.7525 0
0.753 3.35536
0.7535 3.35736
0.754 0
0.7545 3.50351
0.755 3.25926
0.7555 0
0.756 3.32132
0.7565 3.30731
0.757 0
0.7575 3.33734
0.758 3.26727
0.7585 0
0.759 3.3994
0.7595 3.31533
0.76 0
0.7605 3.3954
0.761 3.30531
0.7615 0
0.762 3.36337
0.7625 3.22923
0.763 0
0.7635 3.32933
0.764 3.14114
0.7645 0
0.765 3.15916
0.7655 3.12913
0.766 3.27528
0.7665 0
0.767 3.24525
0.7675 3.10511
0.768 0
0.7685 3.18118
0.769 3.26527
0.7695 0
0.77 3.08309
0.7705 3.08109
0.771 0
0.7715 3.16917
0.772 3.17118
0.7725 0
0.773 3.16117
0.7735 3.06507
0.774 0
0.7745 3.03904
0.775 3.1972
0.7755 0
0.776 3.05305
0.7765 3.03504
0.777 0
0.7775 3.03103
0.778 3.00901
0.7785 0
0.779 3.03304
0.7795 3.10711
0.78 0
0.7805 3.10511
0.781 2.95696
0.7815 0
0.782 2.98699
0.7825 3.12313
0.783 0
0.7835 3.17918
0.784 3.05105
0.7845 0
0.785 3.01101
0.7855 2.89089
0.786 0
0.7865 2.995
0.787 2.94495
0.7875 2.97297
0.788 0
0.7885 2.92493
0.789 2.997
0.7895 0
0.79 2.97898
0.7905 3.00901
0.791 0
0.7915 2.97698
0.792 2.7968
0.7925 0
0.793 2.89089
0.7935 2.77878
0.794 0
0.7945 2.94495
0.795 2.87488
0.7955 0
0.796 2.88088
0.7965 2.86687
0.797 0
0.7975 2.91492
0.798 2.91091
0.7985 0
0.799 2.92293
0.7995 2.77678
0.8 0
0.8005 2.73073
0.801 2.87688
0.8015 0
0.802 2.83684
0.8025 2.81682
0.803 0
0.8035 2.93694
0.804 2.72273
0.8045 0
0.805 2.82883
0.8055 2.79079
0.806 0
0.8065 2.75275
0.807 2.7007
0.8075 0
0.808 2.75275
0.8085 2.71472
0.809 2.75476
0.8095 0
0.81 2.89089
0.8105 2.61662
0.811 0
0.8115 2.6967
0.812 2.65465
0.8125 0
0.813 2.86086
0.8135 2.72072
0.814 0
0.8145 2.71872
0.815 2.74275
0.8155 0
0.816 2.64865
0.8165 2.64464
0.817 0
0.8175 2.60461
0.818 2.61862
0.8185 0
0.819 2.74675
0.8195 2.66667
0.82 0
0.8205 2.61862
0.821 2.7027
0.8215 0
0.822 2.67668
0.8225 2.56056
0.823 0
0.8235 2.65666
0.824 2.55255
0.8245 0
0.825 2.65265
0.8255 2.57658
0.826 0
0.8265 2.5926
0.827 2.72273
0.8275 0
0.828 2.5986
0.8285 2.63063
0.829 0
0.8295 2.54655
0.83 2.51852
0.8305 2.45045
0.831 0
0.8315 2.37037
0.832 2.6927
0.8325 0
0.833 2.58859
0.8335 2.68069
0.834 0
0.8345 2.56857
0.835 2.45045
0.8355 0
0.836 2.50851
0.8365 2.52853
0.837 0
0.8375 2.62262
0.838 2.52253
0.8385 0
0.839 2.57458
0.8395 2.44645
0.84 0
0.8405 2.41442
0.841 2.50651
0.8415 0
0.842 2.45245
0.8425 2.44845
0.843 0
0.8435 2.44444
0.844 2.41642
0.8445 0
0.845 2.47048
0.8455 2.48849
0.846 0
0.8465 2.41842
0.847 2.45045
0.8475 0
0.848 2.39039
0.8485 2.36036
0.849 0
0.8495 2.4024
0.85 2.55856
0.8505 0
0.851 2.33234
0.8515 2.46647
0.852 2.32232
0.8525 0
0.853 2.3984
0.8535 2.25025
0.854 0
0.8545 2.4024
0.855 2.31832
0.8555 0
0.856 2.4965
0.8565 2.4004
0.857 0
0.8575 2.34635
0.858 2.32233
0.8585 0
0.859 2.42443
0.8595 2.31432
0.86 0
0.8605 2.37638
0.861 2.33433
0.8615 0
0.862 2.34435
0.8625 2.30431
0.863 0
0.8635 2.33033
0.864 2.26828
0.8645 0
0.865 2.26827
0.8655 2.3043
0.866 0
0.8665 2.21622
0.867 2.21421
0.8675 0
0.868 2.25827
0.8685 2.25025
0.869 0
0.8695 2.13013
0.87 2.24625
0.8705 0
0.871 2.14815
0.8715 2.13213
0.872 2.21422
0.8725 0
0.873 2.13213
0.8735 2.21021
0.874 0
0.8745 2.30631
0.875 2.14014
0.8755 0
0.876 2.20221
0.8765 2.20421
0.877 0
0.8775 2.04605
0.878 2.04004
0.8785 0
0.879 2.12413
0.8795 2.26827
0.88 0
0.8805 2.06206
0.881 2.19219
0.8815 0
0.882 2.13414
0.8825 2.04805
0.883 0
0.8835 2.1962
0.884 2.1982
0.8845 0
0.885 2.01001
0.8855 2.06006
0.886 0
0.8865 2.1982
0.887 2.1962
0.8875 0
0.888 2.08609
0.8885 2.17618
0.889 0
0.8895 2.06607
0.89 2.03204
0.8905 0
0.891 2.08008
0.8915 2.08209
0.892 0
0.8925 2.10811
0.893 2.11412
0.8935 2.10812
0.894 0
0.8945 2.12213
0.895 2.01201
0.8955 0
0.896 1.996
0.8965 1.95395
0.897 0
0.8975 2.06207
0.898 2.12813
0.8985 0
0.899 2.05005
0.8995 2.01401
0.9 0
0.9005 2.03404
0.901 2.02203
0.9015 0
0.902 1.94795
0.9025 2.05606
0.903 0
0.9035 2.07808
0.904 2.01602
0.9045 0
0.905 1.96397
0.9055 1.90391
0.906 0
0.9065 2.15215
0.907 2.07808
0.9075 0
0.908 1.91792
0.9085 2.03004
0.909 0
0.9095 2.04405
0.91 1.92392
0.9105 0
0.911 2.01402
0.9115 1.97198
0.912 0
0.9125 1.93794
0.913 1.83984
0.9135 0
0.914 1.95996
0.9145 1.86787
0.915 1.85786
0.9155 0
0.916 1.98399
0.9165 1.98599
0.917 0
0.9175 2.03203
0.918 1.90991
0.9185 0
0.919 1.91992
0.9195 1.91792
0.92 0
0.9205 1.96196
0.921 1.96597
0.9215 0
0.922 1.8999
0.9225 1.87788
0.923 0
0.9235 1.8999
0.924 1.77177
0.9245 0
0.925 1.94995
0.9255 1.90591
0.926 0
0.9265 1.97598
0.927 1.86186
0.9275 0
0.928 1.88589
0.9285 1.87788
0.929 0
0.9295 1.93193
0.93 1.96196
0.9305 0
0.931 1.92192
0.9315 1.83584
0.932 0
0.9325 1.95395
0.933 1.86387
0.9335 0
0.934 1.88789
0.9345 1.81582
0.935 0
0.9355 1.77578
0.936 1.81982
0.9365 1.83184
0.937 0
0.9375 1.82984
0.938 1.66367
0.9385 0
0.939 1.76577
0.9395 1.68569
0.94 0
0.9405 1.76377
0.941 1.88789
0.9415 0
0.942 1.87588
0.9425 1.71572
0.943 0
0.9435 1.81982
0.944 1.68569
0.9445 0
0.945 1.76577
0.9455 1.77177
0.946 0
0.9465 1.75175
0.947 1.72773
0.9475 0
0.948 1.85987
0.9485 1.74975
0.949 0
0.9495 1.66567
0.95 1.76577
0.9505 0
0.951 1.67367
0.9515 1.75776
0.952 0
0.9525 1.72373
0.953 1.61161
0.9535 0
0.954 1.68569
0.9545 1.7998
0.955 0
0.9555 1.76177
0.956 1.77978
0.9565 0
0.957 1.68169
0.9575 1.70571
0.958 1.66567
0.9585 0
0.959 1.73574
0.9595 1.59159
0.96 0
0.9605 1.56757
0.961 1.62763
0.9615 0
0.962 1.65165
0.9625 1.70571
0.963 0
0.9635 1.7017
0.964 1.73173
0.9645 0
0.965 1.71172
0.9655 1.54155
0.966 0
0.9665 1.66366
0.967 1.63364
0.9675 0
0.968 1.63163
0.9685 1.5035
0.969 0
0.9695 1.7017
0.97 1.64965
0.9705 0
0.971 1.67768
0.9715 1.48549
0.972 0
0.9725 1.55156
0.973 1.65566
0.9735 0
0.974 1.61962
0.9745 1.53754
0.975 0
0.9755 1.4935
0.976 1.62563
0.9765 0
0.977 1.6016
0.9775 1.5996
0.978 0
0.9785 1.53954
0.979 1.62763
0.9795 1.52353
0.98 0
0.9805 1.48749
0.981 1.42743
0.9815 0
0.982 1.51952
0.9825 1.60961
0.983 0
0.9835 1.49349
0.984 1.47147
0.9845 0
0.985 1.51351
0.9855 1.50551
0.986 0
0.9865 1.52953
0.987 1.56557
0.9875 0
0.988 1.45145
0.9885 1.53153
0.989 0
0.9895 1.43944
0.99 1.51352
0.9905 0
0.991 1.5035
0.9915 1.46146
0.992 0
0.9925 1.41942
0.993 1.46547
0.9935 0
0.994 1.53754
0.9945 1.52953
0.995 0
0.9955 1.41542
0.996 1.41342
0.9965 0
0.997 1.46147
0.9975 1.36136
0.998 0
0.9985 1.29329
0.999 1.14715
0.9995 0
1.0 0
