0.0005
0.000955
0.001515
0.0020275
0.002485
0.00304
0.0035725
0.00394
0.004345
0.004945
0.0055075
0.0060375
0.0066675
0.0073425
0.008045
0.0087125
0.0093225
0.0100575
0.0104925
0.0114775
0.0121625
0.01284
0.013625
0.01457
0.0155675
0.0164475
0.017535
0.0184375
0.0196625
0.0204725
0.0215975
0.023115
0.024445
0.025995
0.02713
0.0283425
0.02983
0.0314325
0.0335775
0.03584
0.0376875
0.0399925
0.04223
0.04433
0.04629
0.0481575
0.05079
0.05327
0.0555725
0.0577225
0.06041
0.06313
0.06607
0.0687075
0.0724375
0.0762025
0.0795075
0.0832125
0.08645
0.0896
0.093125
0.09703
0.10093
0.10563
0.109345
0.113388
0.11758
0.121542
0.126422
0.131083
0.136307
0.141783
0.147312
0.151678
0.157187
0.163255
0.17005
0.175102
0.18096
0.187335
0.19264
0.200823
0.207995
0.21512
0.221653
0.228388
0.235338
0.243413
0.250073
0.256175
0.263007
0.270917
0.278508
0.28703
0.296693
0.3047
0.312787
0.321915
0.32968
0.337498
0.345597
