0.0 977.383
0.0005 86559.3
0.001 35859.8
0.0015 24838.3
0.002 18330.7
0.0025 14374.9
0.003 11844.8
0.0035 10003.1
0.004 8647.17
0.0045 7574
0.005 6735.33
0.0055 6043.04
0.006 5460.52
0.0065 4984.61
0.007 4568.16
0.0075 4207.04
0.008 3896.47
0.0085 3619.9
0.009 3378.68
0.0095 3159.53
0.01 2964.59
0.0105 2788.4
0.011 2630.52
0.0115 2490.56
0.012 2360.52
0.0125 2232.9
0.013 2121.03
0.0135 2018.75
0.014 1921.98
0.0145 1834.31
0.015 1750.01
0.0155 1678.1
0.016 1601.59
0.0165 1538.92
0.017 1477.22
0.0175 1417.3
0.018 1363.68
0.0185 1310.34
0.019 1260.07
0.0195 1216.94
0.02 1171.37
0.0205 1129.01
0.021 1093.18
0.0215 1052.69
0.022 1019.32
0.0225 985.947
0.023 953.358
0.0235 923.903
0.024 892.948
0.0245 865.863
0.025 838.107
0.0255 813.742
0.026 791.094
0.0265 765.692
0.027 745.586
0.0275 721.702
0.028 701.648
0.0285 680.535
0.029 666.319
0.0295 648.049
0.03 630.453
0.0305 612.89
0.031 596.916
0.0315 581.378
0.032 563.908
0.0325 554.523
0.033 536.113
0.0335 525.312
0.034 511.01
0.0345 498.851
0.035 487.57
0.0355 476.007
0.036 463.878
0.0365 451.676
0.037 440.787
0.0375 432.043
0.038 422.295
0.0385 409.632
0.039 403.28
0.0395 393.91
0.04 384.459
0.0405 376.923
0.041 368.671
0.0415 361.496
0.042 352.451
0.0425 345.216
0.043 339.127
0.0435 330.046
0.044 323.298
0.0445 316.933
0.045 312.207
0.0455 304.209
0.046 299.54
0.0465 292.937
0.047 286.465
0.0475 281.111
0.048 275.738
0.0485 269.636
0.049 263.562
0.0495 258.204
0.05 255.332
0.0505 250.054
0.051 244.931
0.0515 241.189
0.052 236.687
0.0525 231.408
0.053 226.022
0.0535 222.687
0.054 219.556
0.0545 214.713
0.055 211.4
0.0555 207.508
0.056 202.879
0.0565 199.426
0.057 196.721
0.0575 192.435
0.058 189.478
0.0585 185.376
0.059 183.191
0.0595 179.089
0.06 176.439
0.0605 174.533
0.061 171.754
0.0615 168.224
0.062 166.128
0.0625 162.773
0.063 158.929
0.0635 157.526
0.064 155.526
0.0645 152.383
0.065 150.138
0.0655 147.908
0.066 145.321
0.0665 142.603
0.067 140.016
0.0675 139.003
0.068 135.984
0.0685 134.655
0.069 132.09
0.0695 130.727
0.07 128.611
0.0705 126.517
0.071 125.121
0.0715 121.852
0.072 120.451
0.0725 119.638
0.073 117.019
0.0735 115.365
0.074 113.98
0.0745 111.462
0.075 109.952
0.0755 108.659
0.076 107.271
0.0765 105.301
0.077 103.446
0.0775 102.388
0.078 102.032
0.0785 99.8579
0.079 97.7078
0.0795 95.896
0.08 95.2414
0.0805 94.5507
0.081 92.6888
0.0815 91.5176
0.082 90.2103
0.0825 89.0771
0.083 88.6187
0.0835 86.2003
0.084 85.6117
0.0845 83.5757
0.085 82.5186
0.0855 81.7518
0.086 80.2523
0.0865 79.5096
0.087 77.9921
0.0875 77.4155
0.088 76.6647
0.0885 75.8119
0.089 75.0792
0.0895 73.7958
0.09 73.2493
0.0905 71.7919
0.091 71.4075
0.0915 69.928
0.092 68.9911
0.0925 67.7598
0.093 67.7038
0.0935 66.5926
0.094 65.964
0.0945 64.8589
0.095 63.8179
0.0955 63.4215
0.096 63.1772
0.0965 61.6757
0.097 61.1853
0.0975 60.1562
0.098 59.7418
0.0985 58.897
0.099 57.4054
0.0995 57.6117
0.1 56.8389
0.1005 55.958
0.101 55.3494
0.1015 54.7869
0.102 54.0261
0.1025 53.2153
0.103 52.6067
0.1035 51.5576
0.104 51.952
0.1045 50.8829
0.105 49.9981
0.1055 49.2773
0.106 49.7638
0.1065 48.2323
0.107 47.5616
0.1075 47.3975
0.108 46.6427
0.1085 46.4225
0.109 46.2363
0.1095 45.6117
0.11 44.7428
0.1105 44.8169
0.111 44.1662
0.1115 43.5456
0.112 42.8609
0.1125 42.2383
0.113 41.7077
0.1135 41.8159
0.114 40.8829
0.1145 40.949
0.115 40.3464
0.1155 39.5636
0.116 39.1732
0.1165 39.3394
0.117 38.8689
0.1175 37.8279
0.118 37.4755
0.1185 37.7378
0.119 36.6687
0.1195 36.1562
0.12 36.0721
0.1205 35.8539
0.121 35.4014
0.1215 35.0471
0.122 34.6167
0.1225 34.4104
0.123 34.4025
0.1235 33.019
0.124 33.3174
0.1245 32.7188
0.125 32.5866
0.1255 32.1702
0.126 31.934
0.1265 32.1302
0.127 31.3394
0.1275 30.8769
0.128 30.7808
0.1285 30.1542
0.129 30.1201
0.1295 29.976
0.13 29.1852
0.1305 29.2793
0.131 28.963
0.1315 28.7468
0.132 28.026
0.1325 27.8859
0.133 28.3103
0.1335 27.3834
0.134 26.987
0.1345 27.1412
0.135 26.7308
0.1355 26.4485
0.136 26.5226
0.1365 25.8839
0.137 25.4415
0.1375 25.3694
0.138 25.2333
0.1385 25.2152
0.139 24.4645
0.1395 24.6947
0.14 24.5105
0.1405 24.2943
0.141 24.0361
0.1415 24.0381
0.142 23.7998
0.1425 23.4755
0.143 22.8209
0.1435 23.1352
0.144 23.2032
0.1445 22.2883
0.145 22.1582
0.1455 22.3964
0.146 22.2623
0.1465 21.6617
0.147 21.4054
0.1475 21.2032
0.148 21.0331
0.1485 20.7888
0.149 20.931
0.1495 20.5686
0.15 20.0821
0.1505 19.7338
0.151 20.0921
0.1515 19.5336
0.152 19.986
0.1525 19.1972
0.153 19.8238
0.1535 19.4895
0.154 19.015
0.1545 18.7327
0.155 18.2703
0.1555 18.7508
0.156 18.2042
0.1565 18.3303
0.157 17.97
0.1575 17.7057
0.158 18.1161
0.1585 17.6817
0.159 17.3113
0.1595 17.2473
0.16 17.0551
0.1605 17.2412
0.161 16.8569
0.1615 16.9189
0.162 16.4104
0.1625 16.7708
0.163 16.4164
0.1635 16.3123
0.164 16.0981
0.1645 15.7718
0.165 15.7758
0.1655 15.8439
0.166 15.7998
0.1665 15.0991
0.167 15.019
0.1675 15.1211
0.168 15.1612
0.1685 14.8909
0.169 14.7147
0.1695 14.8389
0.17 14.6246
0.1705 14.2563
0.171 14.2322
0.1715 14.1942
0.172 14.3864
0.1725 13.8078
0.173 14.1061
0.1735 13.8799
0.174 13.7518
0.1745 13.4455
0.175 13.6837
0.1755 13.2152
0.176 13.2913
0.1765 13.2633
0.177 13.1632
0.1775 12.993
0.178 12.6106
0.1785 12.9009
0.179 12.7348
0.1795 12.6947
0.18 12.4965
0.1805 12.5225
0.181 12.3243
0.1815 12.3504
0.182 11.8639
0.1825 12.3644
0.183 11.7478
0.1835 12.0661
0.184 11.7718
0.1845 11.7377
0.185 11.3974
0.1855 11.3934
0.186 11.5375
0.1865 11.3534
0.187 11.2132
0.1875 11.2593
0.188 11.2513
0.1885 11.001
0.189 10.9289
0.1895 10.8669
0.19 11.031
0.1905 10.8849
0.191 10.8368
0.1915 10.7227
0.192 10.6547
0.1925 10.5706
0.193 10.5586
0.1935 10.3423
0.194 10.1021
0.1945 10.1201
0.195 9.90792
0.1955 10.0861
0.196 10.1301
0.1965 9.84385
0.197 9.60361
0.1975 9.64365
0.198 9.55557
0.1985 9.56758
0.199 9.37138
0.1995 9.58159
0.2 9.56357
0.2005 9.40141
0.201 9.34335
0.2015 9.26328
0.202 9.03704
0.2025 9.20121
0.203 9.20521
0.2035 9.12714
0.204 8.93093
0.2045 9.02304
0.205 8.70872
0.2055 8.74275
0.206 8.50251
0.2065 8.57458
0.207 8.67869
0.2075 8.51853
0.208 8.60261
0.2085 8.35836
0.209 8.51252
0.2095 8.12414
0.21 8.42644
0.2105 8.21022
0.211 8.41643
0.2115 8.40842
0.212 8.02204
0.2125 8.05406
0.213 7.8939
0.2135 7.97598
0.214 8.03203
0.2145 8.00401
0.215 8.12814
0.2155 7.4915
0.216 7.72173
0.2165 7.62364
0.217 7.46547
0.2175 7.80581
0.218 7.51151
0.2185 7.41943
0.219 7.55156
0.2195 7.58759
0.22 7.42142
0.2205 7.52753
0.221 7.21322
0.2215 7.37138
0.222 7.27729
0.2225 6.97698
0.223 7.00902
0.2235 6.95295
0.224 6.93094
0.2245 6.86687
0.225 6.993
0.2255 6.86287
0.226 6.91492
0.2265 6.93094
0.227 6.8929
0.2275 6.67268
0.228 6.70271
0.2285 6.66867
0.229 6.68869
0.2295 6.68069
0.23 6.41042
0.2305 6.30832
0.231 6.44044
0.2315 6.23825
0.232 6.32633
0.2325 6.31633
0.233 6.26027
0.2335 6.1982
0.234 6.06607
0.2345 5.8799
0.235 6.45045
0.2355 6.27828
0.236 6.02003
0.2365 6.27428
0.237 6.02404
0.2375 5.91792
0.238 5.96397
0.2385 5.99
0.239 5.95597
0.2395 5.85386
0.24 5.93394
0.2405 6.07408
0.241 5.66767
0.2415 5.72172
0.242 5.75777
0.2425 5.76577
0.243 5.55156
0.2435 5.61762
0.244 5.62162
0.2445 5.43544
0.245 5.40541
0.2455 5.43744
0.246 5.64364
0.2465 5.44745
0.247 5.46147
0.2475 5.3934
0.248 5.34535
0.2485 5.21322
0.249 5.21122
0.2495 5.35737
0.25 5.52553
0.2505 5.1972
0.251 5.14114
0.2515 5.13314
0.252 5.10911
0.2525 5.15916
0.253 5.10311
0.2535 5.0931
0.254 4.88089
0.2545 4.94695
0.255 5.02703
0.2555 5.02703
0.256 5.02704
0.2565 4.76277
0.257 4.95696
0.2575 4.77678
0.258 4.94095
0.2585 4.68469
0.259 4.75676
0.2595 4.63664
0.26 4.67668
0.2605 4.66266
0.261 4.5906
0.2615 4.68869
0.262 4.60461
0.2625 4.74475
0.263 4.58259
0.2635 4.52853
0.264 4.44845
0.2645 4.60661
0.265 4.55055
0.2655 4.32232
0.266 4.47648
0.2665 4.57458
0.267 4.40041
0.2675 4.28429
0.268 4.16617
0.2685 4.30031
0.269 4.26627
0.2695 4.36437
0.27 4.44045
0.2705 4.21422
0.271 4.16216
0.2715 4.17018
0.272 4.24625
0.2725 4.11011
0.273 4.1922
0.2735 4.1041
0.274 4.08208
0.2745 4.01401
0.275 4.15015
0.2755 4.19621
0.276 3.97197
0.2765 4.16617
0.277 3.86587
0.2775 4.02403
0.278 4.0961
0.2785 4.05005
0.279 4.0981
0.2795 3.88589
0.28 3.76577
0.2805 3.8939
0.281 3.81382
0.2815 3.8919
0.282 3.95796
0.2825 3.70771
0.283 3.73173
0.2835 3.90191
0.284 3.74174
0.2845 3.78979
0.285 3.7017
0.2855 3.52953
0.286 3.82383
0.2865 3.54955
0.287 3.73374
0.2875 3.60561
0.288 3.60961
0.2885 3.63964
0.289 3.60761
0.2895 3.57158
0.29 3.61562
0.2905 3.62162
0.291 3.4975
0.2915 3.41742
0.292 3.70371
0.2925 3.61562
0.293 3.26528
0.2935 3.37738
0.294 3.56557
0.2945 3.44745
0.295 3.28929
0.2955 3.52953
0.296 3.3994
0.2965 3.26527
0.297 3.42543
0.2975 3.37938
0.298 3.22123
0.2985 3.24925
0.299 3.44945
0.2995 3.42143
0.3 3.35135
0.3005 3.17518
0.301 3.17918
0.3015 3.2032
0.302 3.23324
0.3025 3.24926
0.303 3.23123
0.3035 3.23324
0.304 3.20922
0.3045 3.14915
0.305 3.16116
0.3055 3.1932
0.306 3.10912
0.3065 3.09109
0.307 3.06707
0.3075 3.17117
0.308 3.02303
0.3085 2.85686
0.309 2.85085
0.3095 3.12714
0.31 3.0971
0.3105 2.96897
0.311 3.01101
0.3115 2.95095
0.312 2.98699
0.3125 2.75076
0.313 2.90691
0.3135 2.98699
0.314 2.88088
0.3145 2.95295
0.315 2.78879
0.3155 2.83084
0.316 2.8989
0.3165 2.80881
0.317 2.84685
0.3175 2.78078
0.318 2.83083
0.3185 2.75276
0.319 2.73474
0.3195 2.76076
0.32 2.67868
0.3205 2.76076
0.321 2.75676
0.3215 2.76477
0.322 2.75476
0.3225 2.64865
0.323 2.72472
0.3235 2.73474
0.324 2.56857
0.3245 2.54455
0.325 2.55856
0.3255 2.76277
0.326 2.64264
0.3265 2.72673
0.327 2.63063
0.3275 2.54855
0.328 2.61462
0.3285 2.55055
0.329 2.61862
0.3295 2.6026
0.33 2.56056
0.3305 2.63864
0.331 2.56257
0.3315 2.56657
0.332 2.62863
0.3325 2.52853
0.333 2.57257
0.3335 2.50251
0.334 2.48248
0.3345 2.35036
0.335 2.50251
0.3355 2.36837
0.336 2.53654
0.3365 2.34635
0.337 2.38639
0.3375 2.47447
0.338 2.46647
0.3385 2.41242
0.339 2.3964
0.3395 2.1922
0.34 2.42242
0.3405 2.26026
0.341 2.38239
0.3415 2.2903
0.342 2.45446
0.3425 2.35035
0.343 2.34434
0.3435 2.27027
0.344 2.21222
0.3445 2.3984
0.345 2.34635
0.3455 2.16016
0.346 2.27828
0.3465 2.28829
0.347 2.06207
0.3475 2.15415
0.348 2.14214
0.3485 2.24424
0.349 2.15015
0.3495 2.16016
0.35 2.13614
0.3505 2.30831
0.351 2.31832
0.3515 2.20421
0.352 2.33634
0.3525 2.31432
0.353 2.04004
0.3535 2.13213
0.354 2.05005
0.3545 2.1001
0.355 2.15015
0.3555 2.16016
0.356 2.11011
0.3565 2.06607
0.357 2.20821
0.3575 2.06607
0.358 2.21622
0.3585 2.00801
0.359 2.14415
0.3595 2.10611
0.36 2.02202
0.3605 1.996
0.361 1.93994
0.3615 2.13814
0.362 2.04405
0.3625 2.2002
0.363 2.04204
0.3635 2.05606
0.364 1.98799
0.3645 1.98198
0.365 1.96798
0.3655 1.97598
0.366 1.95796
0.3665 1.8999
0.367 2.04204
0.3675 2.01602
0.368 2.0961
0.3685 1.85586
0.369 1.94194
0.3695 1.91992
0.37 2.11211
0.3705 1.92192
0.371 1.94995
0.3715 1.85385
0.372 1.92393
0.3725 1.996
0.373 1.91191
0.3735 1.85186
0.374 1.84385
0.3745 1.88789
0.375 1.94795
0.3755 1.80381
0.376 1.86587
0.3765 1.8979
0.377 1.87188
0.3775 1.81582
0.378 1.87388
0.3785 1.80781
0.379 1.80581
0.3795 1.78579
0.38 1.86987
0.3805 1.91992
0.381 1.72573
0.3815 1.75976
0.382 1.87988
0.3825 1.86186
0.383 1.74775
0.3835 1.78579
0.384 1.85385
0.3845 1.68569
0.385 1.82383
0.3855 1.68769
0.386 1.68368
0.3865 1.74975
0.387 1.71772
0.3875 1.66166
0.388 1.68969
0.3885 1.76176
0.389 1.68168
0.3895 1.7017
0.39 1.73974
0.3905 1.74174
0.391 1.68769
0.3915 1.72573
0.392 1.73173
0.3925 1.6977
0.393 1.74374
0.3935 1.64965
0.394 1.66367
0.3945 1.67968
0.395 1.59359
0.3955 1.68569
0.396 1.56356
0.3965 1.67768
0.397 1.61161
0.3975 1.5976
0.398 1.73774
0.3985 1.5996
0.399 1.66967
0.3995 1.63364
0.4 1.64365
0.4005 1.58559
0.401 1.61161
0.4015 1.67568
0.402 1.54154
0.4025 1.66567
0.403 1.61162
0.4035 1.6016
0.404 1.56356
0.4045 1.58959
0.405 1.43744
0.4055 1.56757
0.406 1.51952
0.4065 1.48749
0.407 1.52753
0.4075 1.61562
0.408 1.54755
0.4085 1.4975
0.409 1.51752
0.4095 1.45746
0.41 1.53153
0.4105 1.46346
0.411 1.47548
0.4115 1.54755
0.412 1.60961
0.4125 1.40541
0.413 1.47748
0.4135 1.45145
0.414 1.44545
0.4145 1.42342
0.415 1.36336
0.4155 1.46347
0.416 1.53353
0.4165 1.53554
0.417 1.46747
0.4175 1.43744
0.418 1.35536
0.4185 1.46947
0.419 1.38539
0.4195 1.51752
0.42 1.52953
0.4205 1.38338
0.421 1.45946
0.4215 1.37337
0.422 1.41542
0.4225 1.38339
0.423 1.35536
0.4235 1.3994
0.424 1.40541
0.4245 1.4014
0.425 1.46146
0.4255 1.37338
0.426 1.46146
0.4265 1.41341
0.427 1.38138
0.4275 1.43143
0.428 1.35936
0.4285 1.3994
0.429 1.41542
0.4295 1.36737
0.43 1.27528
0.4305 1.38338
0.431 1.27928
0.4315 1.27728
0.432 1.3954
0.4325 1.35135
0.433 1.39339
0.4335 1.48148
0.434 1.37938
0.4345 1.35736
0.435 1.31532
0.4355 1.34334
0.436 1.35335
0.4365 1.35936
0.437 1.25325
0.4375 1.30931
0.438 1.22923
0.4385 1.36937
0.439 1.31532
0.4395 1.21722
0.44 1.37337
0.4405 1.35936
0.441 1.32733
0.4415 1.22122
0.442 1.37938
0.4425 1.33934
0.443 1.24925
0.4435 1.24525
0.444 1.2953
0.4445 1.27127
0.445 1.19119
0.4455 1.31932
0.446 1.34335
0.4465 1.24725
0.447 1.28529
0.4475 1.25726
0.448 1.26727
0.4485 1.25325
0.449 1.15716
0.4495 1.22523
0.45 1.22523
0.4505 1.2993
0.451 1.1972
0.4515 1.22923
0.452 1.21121
0.4525 1.17318
0.453 1.25926
0.4535 1.24124
0.454 1.16116
0.4545 1.19319
0.455 1.1972
0.4555 1.1992
0.456 1.22323
0.4565 1.26727
0.457 1.24925
0.4575 1.18318
0.458 1.21322
0.4585 1.2012
0.459 1.13714
0.4595 1.13714
0.46 1.14114
0.4605 1.16316
0.461 1.26326
0.4615 1.22523
0.462 1.15115
0.4625 1.16317
0.463 1.12513
0.4635 1.12513
0.464 1.11111
0.4645 1.11512
0.465 1.13314
0.4655 1.16116
0.466 1.19319
0.4665 1.0991
0.467 1.10911
0.4675 1.07308
0.468 1.13514
0.4685 1.09109
0.469 1.1932
0.4695 1.28328
0.47 1.15116
0.4705 1.11312
0.471 1.13914
0.4715 1.15916
0.472 1.10511
0.4725 1.06907
0.473 1.13714
0.4735 1.1992
0.474 1.13313
0.4745 1.04104
0.475 1.07908
0.4755 1.11312
0.476 1.10711
0.4765 1.1011
0.477 1.0951
0.4775 1.1011
0.478 1.04304
0.4785 1.08509
0.479 1.05706
0.4795 1.10911
0.48 1.03704
0.4805 1.003
0.481 1.07908
0.4815 1.04305
0.482 1.06907
0.4825 1.06106
0.483 1.11512
0.4835 1.00701
0.484 1.05906
0.4845 1.04905
0.485 1.0991
0.4855 1.05706
0.486 1.00701
0.4865 1.05706
0.487 1.10711
0.4875 1.13514
0.488 1.06307
0.4885 0.966967
0.489 1.03904
0.4895 1.04905
0.49 1.07708
0.4905 1.07708
0.491 1.03504
0.4915 1.0991
0.492 1.07107
0.4925 1.03103
0.493 1.02302
0.4935 0.996997
0.494 1.01102
0.4945 1.07908
0.495 0.972973
0.4955 0.992995
0.496 1.02102
0.4965 1.03103
0.497 0.976977
0.4975 1.01502
0.498 0.996997
0.4985 1.02503
0.499 1.02302
0.4995 1.10511
0.5 2.18619
0.5005 0.00800801
0.501 1.86787
0.5015 0.00600601
0.502 1.88388
0.5025 0.018018
0.503 1.92793
0.5035 0.00600601
0.504 1.92793
0.5045 0.00800801
0.505 1.98799
0.5055 0.016016
0.506 2.02202
0.5065 0.00600601
0.507 1.994
0.5075 0.00600601
0.508 1.90991
0.5085 0.01001
0.509 1.84785
0.5095 0.016016
0.51 1.8979
0.5105 0.016016
0.511 1.7938
0.5115 0.00600601
0.512 0.958959
0.5125 0.874875
0.513 0.912913
0.5135 0.888889
0.514 0.954955
0.5145 0.906907
0.515 0.902905
0.5155 0.980981
0.516 0.858861
0.5165 0.946949
0.517 0.960961
0.5175 0.932935
0.518 0.976977
0.5185 0.914915
0.519 0.908909
0.5195 0.962965
0.52 0.866869
0.5205 0.894895
0.521 0.900905
0.5215 0.942943
0.522 0.904905
0.5225 0.882887
0.523 0.866867
0.5235 0.926927
0.524 0.934935
0.5245 0.876877
0.525 0.878881
0.5255 0.928929
0.526 0.906907
0.5265 0.854857
0.527 0.900903
0.5275 0.910913
0.528 0.974975
0.5285 0.882885
0.529 0.898901
0.5295 0.868869
0.53 0.940941
0.5305 0.932933
0.531 0.816819
0.5315 0.896897
0.532 0.904905
0.5325 0.888891
0.533 0.912913
0.5335 0.904907
0.534 0.922923
0.5345 0.776777
0.535 0.880881
0.5355 0.902905
0.536 0.904905
0.5365 0.880881
0.537 0.912913
0.5375 0.876877
0.538 0.850851
0.5385 0.878879
0.539 0.872873
0.5395 0.940945
0.54 0.798799
0.5405 0.872875
0.541 0.774775
0.5415 0.844847
0.542 0.840841
0.5425 0.804805
0.543 0.852853
0.5435 0.858861
0.544 0.828829
0.5445 0.814815
0.545 0.906907
0.5455 0.802803
0.546 0.790791
0.5465 0.766769
0.547 0.790793
0.5475 0.774775
0.548 0.916917
0.5485 0.844847
0.549 0.852853
0.5495 0.844845
0.55 0.828829
0.5505 0.834837
0.551 0.846847
0.5515 0.882883
0.552 0.830831
0.5525 0.764765
0.553 0.794797
0.5535 0.782783
0.554 0.820821
0.5545 0.842843
0.555 0.802803
0.5555 0.856857
0.556 0.778779
0.5565 0.878879
0.557 0.826827
0.5575 0.828829
0.558 0.792793
0.5585 0.826827
0.559 0.716719
0.5595 0.776777
0.56 0.820821
0.5605 0.832833
0.561 0.792795
0.5615 0.792793
0.562 0.780781
0.5625 0.758759
0.563 0.786787
0.5635 0.794795
0.564 0.812813
0.5645 0.726727
0.565 0.822823
0.5655 0.876877
0.566 0.734737
0.5665 0.786787
0.567 0.764765
0.5675 0.724725
0.568 0.796797
0.5685 0.780783
0.569 0.744745
0.5695 0.746747
0.57 0.774775
0.5705 0.734739
0.571 0.802803
0.5715 0.818819
0.572 0.748749
0.5725 0.752755
0.573 0.794797
0.5735 0.772775
0.574 0.646649
0.5745 0.794795
0.575 0.798799
0.5755 0.816821
0.576 0.694695
0.5765 0.750751
0.577 0.754757
0.5775 0.718719
0.578 0.732735
0.5785 0.790791
0.579 0.756761
0.5795 0.730731
0.58 0.728729
0.5805 0.796797
0.581 0.748749
0.5815 0.790793
0.582 0.832833
0.5825 0.784785
0.583 0.756757
0.5835 0.788789
0.584 0.772775
0.5845 0.724725
0.585 0.778779
0.5855 0.700701
0.586 0.684685
0.5865 0.768769
0.587 0.680683
0.5875 0.708709
0.588 0.736739
0.5885 0.716717
0.589 0.698699
0.5895 0.676677
0.59 0.732735
0.5905 0.748749
0.591 0.698699
0.5915 0.692693
0.592 0.656657
0.5925 0.722723
0.593 0.756759
0.5935 0.700701
0.594 0.716717
0.5945 0.706707
0.595 0.674677
0.5955 0.690693
0.596 0.642645
0.5965 0.726727
0.597 0.728731
0.5975 0.740741
0.598 0.718719
0.5985 0.732735
0.599 0.744745
0.5995 0.720721
0.6 0.668669
0.6005 0.708709
0.601 0.744747
0.6015 0.696699
0.602 0.706707
0.6025 0.682683
0.603 0.722723
0.6035 0.774775
0.604 0.682683
0.6045 0.702703
0.605 0.690691
0.6055 0.730731
0.606 0.708709
0.6065 0.644645
0.607 0.716717
0.6075 0.646647
0.608 0.698699
0.6085 0.696697
0.609 0.678679
0.6095 0.658659
0.61 0.754755
0.6105 0.674675
0.611 0.678679
0.6115 0.636639
0.612 0.748749
0.6125 0.734735
0.613 0.672673
0.6135 0.698701
0.614 0.694695
0.6145 0.684685
0.615 0.674679
0.6155 0.646647
0.616 0.664665
0.6165 0.670671
0.617 0.684685
0.6175 0.694695
0.618 0.706707
0.6185 0.658661
0.619 0.654661
0.6195 0.662665
0.62 0.634635
0.6205 0.714715
0.621 0.728729
0.6215 0.648651
0.622 0.632635
0.6225 0.676677
0.623 0.622623
0.6235 0.626627
0.624 0.686687
0.6245 0.658661
0.625 0.680681
0.6255 0.670673
0.626 0.694697
0.6265 0.616617
0.627 0.664665
0.6275 0.670671
0.628 0.694695
0.6285 0.676677
0.629 0.648649
0.6295 0.634635
0.63 0.662663
0.6305 0.690691
0.631 0.628629
0.6315 0.672673
0.632 0.606607
0.6325 0.664665
0.633 0.618621
0.6335 0.648651
0.634 0.682683
0.6345 0.626627
0.635 0.610611
0.6355 0.638639
0.636 0.676677
0.6365 0.642643
0.637 0.650651
0.6375 0.652653
0.638 0.628629
0.6385 0.622623
0.639 0.646647
0.6395 0.652653
0.64 0.584585
0.6405 0.594595
0.641 0.638639
0.6415 0.596597
0.642 0.624625
0.6425 0.658659
0.643 0.638639
0.6435 0.574575
0.644 0.614615
0.6445 0.546547
0.645 0.600601
0.6455 0.648649
0.646 0.624627
0.6465 0.632635
0.647 0.606607
0.6475 0.654655
0.648 0.650651
0.6485 0.678679
0.649 0.574575
0.6495 0.622623
0.65 0.656659
0.6505 0.628629
0.651 0.608609
0.6515 0.636639
0.652 0.650651
0.6525 0.640641
0.653 0.544545
0.6535 0.612613
0.654 0.584587
0.6545 0.580581
0.655 0.628629
0.6555 0.642643
0.656 0.618621
0.6565 0.606607
0.657 0.666669
0.6575 0.548549
0.658 0.592595
0.6585 0.596599
0.659 0.528531
0.6595 0.578579
0.66 0.608609
0.6605 0.612613
0.661 0.564565
0.6615 0.628631
0.662 0.620621
0.6625 0.602605
0.663 0.600601
0.6635 0.606607
0.664 0.552553
0.6645 0.592593
0.665 0.584585
0.6655 0.606607
0.666 0.558559
0.6665 0.736747
0.667 0.568569
0.6675 0.544545
0.668 0.572573
0.6685 0.554555
0.669 0.640641
0.6695 0.584585
0.67 0.576579
0.6705 0.574577
0.671 0.546547
0.6715 0.548549
0.672 0.618619
0.6725 0.540541
0.673 0.518519
0.6735 0.652655
0.674 0.608609
0.6745 0.526527
0.675 0.582583
0.6755 0.582585
0.676 0.548549
0.6765 0.556557
0.677 0.558559
0.6775 0.534535
0.678 0.520523
0.6785 0.576577
0.679 0.554559
0.6795 0.532533
0.68 0.572573
0.6805 0.594595
0.681 0.630631
0.6815 0.576577
0.682 0.592595
0.6825 0.548549
0.683 0.566567
0.6835 0.560561
0.684 0.592593
0.6845 0.564567
0.685 0.564569
0.6855 0.594595
0.686 0.670671
0.6865 0.560561
0.687 0.606609
0.6875 0.556557
0.688 0.560561
0.6885 0.562563
0.689 0.504505
0.6895 0.548549
0.69 0.536537
0.6905 0.506507
0.691 0.532533
0.6915 0.560561
0.692 0.586587
0.6925 0.514515
0.693 0.620623
0.6935 0.490492
0.694 0.560561
0.6945 0.554557
0.695 0.518519
0.6955 0.496496
0.696 0.550551
0.6965 0.564565
0.697 0.576577
0.6975 0.526527
0.698 0.522523
0.6985 0.542543
0.699 0.552553
0.6995 0.540541
0.7 0.564565
0.7005 0.552553
0.701 0.526531
0.7015 0.524525
0.702 0.500505
0.7025 0.578581
0.703 0.562563
0.7035 0.562563
0.704 0.526527
0.7045 0.592593
0.705 0.554555
0.7055 0.480482
0.706 0.540541
0.7065 0.526527
0.707 0.48048
0.7075 0.496496
0.708 0.538539
0.7085 0.558559
0.709 0.572577
0.7095 0.558559
0.71 0.532533
0.7105 0.494497
0.711 0.508509
0.7115 0.47047
0.712 0.512513
0.7125 0.596597
0.713 0.528529
0.7135 0.482482
0.714 0.596597
0.7145 0.520521
0.715 0.496501
0.7155 0.464464
0.716 0.458458
0.7165 0.494497
0.717 0.504505
0.7175 0.466468
0.718 0.500503
0.7185 0.46046
0.719 0.498501
0.7195 0.524525
0.72 0.570571
0.7205 0.518519
0.721 0.510511
0.7215 0.508509
0.722 0.490492
0.7225 0.506507
0.723 0.544545
0.7235 0.546547
0.724 0.466468
0.7245 0.570571
0.725 0.526527
0.7255 0.500501
0.726 0.498501
0.7265 0.570573
0.727 0.516517
0.7275 0.514515
0.728 0.526527
0.7285 0.508509
0.729 0.526527
0.7295 0.47047
0.73 0.520521
0.7305 0.506507
0.731 0.486488
0.7315 0.452452
0.732 0.514517
0.7325 0.542543
0.733 0.524525
0.7335 0.562563
0.734 0.432432
0.7345 0.468468
0.735 0.504505
0.7355 0.496496
0.736 0.522523
0.7365 0.45045
0.737 0.528529
0.7375 0.502503
0.738 0.488488
0.7385 0.502503
0.739 0.498498
0.7395 0.486486
0.74 0.564565
0.7405 0.470472
0.741 0.526527
0.7415 0.520521
0.742 0.532535
0.7425 0.486488
0.743 0.552553
0.7435 0.534535
0.744 0.468468
0.7445 0.484488
0.745 0.548549
0.7455 0.492494
0.746 0.46046
0.7465 0.472472
0.747 0.518519
0.7475 0.456456
0.748 0.568569
0.7485 0.528529
0.749 0.534537
0.7495 0.470472
0.75 0.512513
0.7505 0.504505
0.751 0.432432
0.7515 0.456456
0.752 0.474474
0.7525 0.438438
0.753 0.49049
0.7535 0.528529
0.754 0.524525
0.7545 0.520521
0.755 0.482482
0.7555 0.516517
0.756 0.478478
0.7565 0.528529
0.757 0.520521
0.7575 0.522525
0.758 0.478478
0.7585 0.506507
0.759 0.534537
0.7595 0.458458
0.76 0.510511
0.7605 0.468468
0.761 0.46046
0.7615 0.452452
0.762 0.490492
0.7625 0.520521
0.763 0.456456
0.7635 0.480486
0.764 0.454454
0.7645 0.46046
0.765 0.512515
0.7655 0.47047
0.766 0.452452
0.7665 0.474474
0.767 0.526527
0.7675 0.428428
0.768 0.44845
0.7685 0.502503
0.769 0.476476
0.7695 0.454454
0.77 0.490492
0.7705 0.464464
0.771 0.502503
0.7715 0.484484
0.772 0.48048
0.7725 0.484484
0.773 0.486486
0.7735 0.466466
0.774 0.49049
0.7745 0.406406
0.775 0.434434
0.7755 0.456456
0.776 0.482482
0.7765 0.514515
0.777 0.524525
0.7775 0.474474
0.778 0.4004
0.7785 0.44044
0.779 0.45045
0.7795 0.468468
0.78 0.45045
0.7805 0.442444
0.781 0.482482
0.7815 0.454454
0.782 0.464466
0.7825 0.542543
0.783 0.454454
0.7835 0.4004
0.784 0.442442
0.7845 0.460462
0.785 0.442444
0.7855 0.458458
0.786 0.472474
0.7865 0.464466
0.787 0.502503
0.7875 0.434434
0.788 0.452452
0.7885 0.458458
0.789 0.4004
0.7895 0.478478
0.79 0.446446
0.7905 0.512513
0.791 0.46046
0.7915 0.45045
0.792 0.448448
0.7925 0.436436
0.793 0.456456
0.7935 0.464466
0.794 0.450452
0.7945 0.428428
0.795 0.526527
0.7955 0.512513
0.796 0.438438
0.7965 0.458458
0.797 0.4004
0.7975 0.428428
0.798 0.43043
0.7985 0.402402
0.799 0.468468
0.7995 0.414414
0.8 0.49049
0.8005 0.398398
0.801 0.438438
0.8015 0.494494
0.802 0.43043
0.8025 0.388388
0.803 0.484484
0.8035 0.416416
0.804 0.418418
0.8045 0.472476
0.805 0.500501
0.8055 0.44044
0.806 0.462462
0.8065 0.462462
0.807 0.508509
0.8075 0.46046
0.808 0.41041
0.8085 0.462462
0.809 0.43844
0.8095 0.45045
0.81 0.476476
0.8105 0.448448
0.811 0.450452
0.8115 0.394396
0.812 0.456456
0.8125 0.458458
0.813 0.432432
0.8135 0.506507
0.814 0.482482
0.8145 0.466468
0.815 0.462462
0.8155 0.466468
0.816 0.426426
0.8165 0.39039
0.817 0.436438
0.8175 0.412412
0.818 0.460462
0.8185 0.444444
0.819 0.474474
0.8195 0.446446
0.82 0.392392
0.8205 0.47047
0.821 0.398398
0.8215 0.426426
0.822 0.438438
0.8225 0.402404
0.823 0.376376
0.8235 0.41041
0.824 0.430432
0.8245 0.398398
0.825 0.456458
0.8255 0.466466
0.826 0.434434
0.8265 0.436436
0.827 0.474474
0.8275 0.394394
0.828 0.446446
0.8285 0.456456
0.829 0.466466
0.8295 0.464464
0.83 0.408408
0.8305 0.446446
0.831 0.444446
0.8315 0.37037
0.832 0.434436
0.8325 0.478478
0.833 0.4004
0.8335 0.438438
0.834 0.422422
0.8345 0.386386
0.835 0.394394
0.8355 0.452452
0.836 0.422422
0.8365 0.356356
0.837 0.452452
0.8375 0.394394
0.838 0.404404
0.8385 0.432432
0.839 0.422422
0.8395 0.39039
0.84 0.43043
0.8405 0.430432
0.841 0.404404
0.8415 0.482482
0.842 0.434436
0.8425 0.426428
0.843 0.406406
0.8435 0.436438
0.844 0.472472
0.8445 0.356356
0.845 0.416416
0.8455 0.414414
0.846 0.416416
0.8465 0.464466
0.847 0.41041
0.8475 0.444444
0.848 0.46046
0.8485 0.392392
0.849 0.392392
0.8495 0.384384
0.85 0.458458
0.8505 0.432432
0.851 0.402402
0.8515 0.42042
0.852 0.424424
0.8525 0.376378
0.853 0.436436
0.8535 0.44044
0.854 0.352352
0.8545 0.434436
0.855 0.42843
0.8555 0.416416
0.856 0.482482
0.8565 0.372372
0.857 0.41041
0.8575 0.416416
0.858 0.398398
0.8585 0.408408
0.859 0.418418
0.8595 0.43043
0.86 0.426428
0.8605 0.414416
0.861 0.43844
0.8615 0.432432
0.862 0.41041
0.8625 0.42843
0.863 0.404406
0.8635 0.396396
0.864 0.36036
0.8645 0.378378
0.865 0.356356
0.8655 0.402402
0.866 0.39039
0.8665 0.454454
0.867 0.426428
0.8675 0.412412
0.868 0.38038
0.8685 0.368368
0.869 0.4004
0.8695 0.436436
0.87 0.35836
0.8705 0.384386
0.871 0.4004
0.8715 0.38038
0.872 0.41842
0.8725 0.410412
0.873 0.3984
0.8735 0.4004
0.874 0.40841
0.8745 0.392392
0.875 0.394398
0.8755 0.394394
0.876 0.364364
0.8765 0.402402
0.877 0.396396
0.8775 0.414414
0.878 0.388388
0.8785 0.422422
0.879 0.436436
0.8795 0.45045
0.88 0.432434
0.8805 0.398398
0.881 0.396398
0.8815 0.444444
0.882 0.412412
0.8825 0.414416
0.883 0.396396
0.8835 0.38839
0.884 0.41041
0.8845 0.432432
0.885 0.438438
0.8855 0.422422
0.886 0.438438
0.8865 0.412412
0.887 0.392394
0.8875 0.414414
0.888 0.362362
0.8885 0.404404
0.889 0.414414
0.8895 0.396396
0.89 0.422422
0.8905 0.35035
0.891 0.374374
0.8915 0.388388
0.892 0.42042
0.8925 0.406406
0.893 0.434434
0.8935 0.402404
0.894 0.418418
0.8945 0.412412
0.895 0.436438
0.8955 0.402402
0.896 0.398398
0.8965 0.396396
0.897 0.426426
0.8975 0.396396
0.898 0.45045
0.8985 0.426426
0.899 0.404404
0.8995 0.38038
0.9 0.42042
0.9005 0.422422
0.901 0.416416
0.9015 0.394394
0.902 0.4004
0.9025 0.408408
0.903 0.4004
0.9035 0.404404
0.904 0.444444
0.9045 0.408412
0.905 0.408408
0.9055 0.408408
0.906 0.4004
0.9065 0.382382
0.907 0.412412
0.9075 0.386386
0.908 0.398398
0.9085 0.388388
0.909 0.456456
0.9095 0.338338
0.91 0.378378
0.9105 0.422422
0.911 0.42042
0.9115 0.388388
0.912 0.436436
0.9125 0.48048
0.913 0.366368
0.9135 0.406406
0.914 0.392392
0.9145 0.352352
0.915 0.402402
0.9155 0.406408
0.916 0.35035
0.9165 0.406406
0.917 0.4004
0.9175 0.392392
0.918 0.418418
0.9185 0.432432
0.919 0.38038
0.9195 0.352352
0.92 0.48048
0.9205 0.420422
0.921 0.344344
0.9215 0.398398
0.922 0.398398
0.9225 0.42843
0.923 0.400402
0.9235 0.332332
0.924 0.4004
0.9245 0.412412
0.925 0.372372
0.9255 0.342342
0.926 0.388388
0.9265 0.344344
0.927 0.376376
0.9275 0.368368
0.928 0.360364
0.9285 0.41842
0.929 0.386386
0.9295 0.406406
0.93 0.432432
0.9305 0.404404
0.931 0.380382
0.9315 0.38038
0.932 0.388388
0.9325 0.346346
0.933 0.422422
0.9335 0.372376
0.934 0.41041
0.9345 0.422424
0.935 0.386386
0.9355 0.398398
0.936 0.368368
0.9365 0.424424
0.937 0.402402
0.9375 0.4004
0.938 0.402402
0.9385 0.416416
0.939 0.416416
0.9395 0.384384
0.94 0.338338
0.9405 0.38038
0.941 0.422422
0.9415 0.414414
0.942 0.366366
0.9425 0.438438
0.943 0.414414
0.9435 0.386386
0.944 0.374374
0.9445 0.386386
0.945 0.382384
0.9455 0.406406
0.946 0.438438
0.9465 0.404404
0.947 0.416416
0.9475 0.386386
0.948 0.412412
0.9485 0.39039
0.949 0.384384
0.9495 0.448448
0.95 0.41041
0.9505 0.406406
0.951 0.41842
0.9515 0.41041
0.952 0.360362
0.9525 0.424426
0.953 0.414414
0.9535 0.416416
0.954 0.382382
0.9545 0.388388
0.955 0.434434
0.9555 0.392392
0.956 0.396396
0.9565 0.442442
0.957 0.426426
0.9575 0.426426
0.958 0.38839
0.9585 0.39039
0.959 0.424424
0.9595 0.418418
0.96 0.374374
0.9605 0.43844
0.961 0.362362
0.9615 0.354354
0.962 0.420422
0.9625 0.386386
0.963 0.448448
0.9635 0.388388
0.964 0.422422
0.9645 0.426426
0.965 0.354354
0.9655 0.488488
0.966 0.382382
0.9665 0.43043
0.967 0.402402
0.9675 0.38038
0.968 0.4004
0.9685 0.41041
0.969 0.376376
0.9695 0.372374
0.97 0.418418
0.9705 0.386386
0.971 0.412412
0.9715 0.448448
0.972 0.424426
0.9725 0.402402
0.973 0.404408
0.9735 0.422422
0.974 0.442444
0.9745 0.402402
0.975 0.376376
0.9755 0.426426
0.976 0.428428
0.9765 0.44044
0.977 0.418418
0.9775 0.438438
0.978 0.406406
0.9785 0.434434
0.979 0.434434
0.9795 0.44044
0.98 0.404408
0.9805 0.388388
0.981 0.432432
0.9815 0.426428
0.982 0.474474
0.9825 0.446446
0.983 0.472472
0.9835 0.482484
0.984 0.412414
0.9845 0.41041
0.985 0.424424
0.9855 0.49049
0.986 0.476476
0.9865 0.496499
0.987 0.458458
0.9875 0.478478
0.988 0.416416
0.9885 0.548553
0.989 0.484484
0.9895 0.458458
0.99 0.434434
0.9905 0.500501
0.991 0.492492
0.9915 0.504505
0.992 0.418418
0.9925 0.492494
0.993 0.472476
0.9935 0.47047
0.994 0.45045
0.9945 0.488488
0.995 0.478478
0.9955 0.482484
0.996 0.528531
0.9965 0.504505
0.997 0.580581
0.9975 0.578579
0.998 0.576577
0.9985 0.550551
0.999 0.560563
0.9995 2016.76
1.0 0
