0.0 4.0471
0.0005 5465.04
0.001 2044.66
0.0015 0
0.002 1351.73
0.0025 938.399
0.003 0
0.0035 700.11
0.004 548.27
0.0045 0
0.005 450.746
0.0055 375.977
0.006 0
0.0065 318.507
0.007 271.925
0.0075 0
0.008 239.175
0.0085 211.024
0.009 0
0.0095 185.832
0.01 167.222
0.0105 0
0.011 151.144
0.0115 136.655
0.012 0
0.0125 124.213
0.013 113.11
0.0135 0
0.014 105.165
0.0145 97.0773
0.015 0
0.0155 90.5641
0.016 83.1198
0.0165 0
0.017 79.6432
0.0175 73.2766
0.018 0
0.0185 67.2563
0.019 63.0644
0.0195 0
0.02 60.5213
0.0205 56.9183
0.021 53.2983
0.0215 0
0.022 50.5053
0.0225 47.6607
0.023 0
0.0235 45.4219
0.024 43.6241
0.0245 0
0.025 40.6759
0.0255 38.6378
0.026 0
0.0265 36.9173
0.027 35.2795
0.0275 0
0.028 34.1667
0.0285 32.7494
0.029 0
0.0295 30.7531
0.03 28.6813
0.0305 0
0.031 27.6656
0.0315 27.2437
0.032 0
0.0325 25.8004
0.033 24.24
0.0335 0
0.034 24.1269
0.0345 23.1487
0.035 0
0.0355 22.6917
0.036 21.355
0.0365 0
0.037 20.6154
0.0375 19.8982
0.038 0
0.0385 19.0047
0.039 18.3337
0.0395 0
0.04 18.2403
0.0405 17.0992
0.041 0
0.0415 16.3722
0.042 16.548
0.0425 15.9852
0.043 0
0.0435 15.1322
0.044 15.3223
0.0445 0
0.045 14.5107
0.0455 14.0275
0.046 0
0.0465 13.4892
0.047 13.0169
0.0475 0
0.048 12.986
0.0485 12.7152
0.049 0
0.0495 12.0667
0.05 12.0084
0.0505 0
0.051 11.4278
0.0515 11.3534
0.052 0
0.0525 10.7712
0.053 10.6984
0.0535 0
0.054 10.276
0.0545 10.157
0.055 0
0.0555 9.90748
0.056 9.58203
0.0565 0
0.057 9.40604
0.0575 9.1617
0.058 0
0.0585 9.23439
0.059 8.8366
0.0595 0
0.06 8.64281
0.0605 8.15962
0.061 0
0.0615 8.04541
0.062 7.77376
0.0625 0
0.063 7.51155
0.0635 7.37728
0.064 7.3367
0.0645 0
0.065 7.13434
0.0655 6.9558
0.066 0
0.0665 7.18352
0.067 6.67497
0.0675 0
0.068 6.73429
0.0685 6.54121
0.069 0
0.0695 6.57678
0.07 6.3122
0.0705 0
0.071 5.93112
0.0715 5.8306
0.072 0
0.0725 5.92375
0.073 5.74535
0.0735 0
0.074 5.59027
0.0745 5.27289
0.075 0
0.0755 5.30537
0.076 5.40665
0.0765 0
0.077 5.20604
0.0775 5.33986
0.078 0
0.0785 4.95986
0.079 4.83108
0.0795 0
0.08 4.98577
0.0805 4.81973
0.081 0
0.0815 4.65921
0.082 4.7075
0.0825 0
0.083 4.4092
0.0835 4.30664
0.084 0
0.0845 4.35737
0.085 4.3521
0.0855 4.19024
0.086 0
0.0865 4.2164
0.087 4.02399
0.0875 0
0.088 3.99083
0.0885 4.20757
0.089 0
0.0895 3.98104
0.09 3.78923
0.0905 0
0.091 3.62005
0.0915 3.69385
0.092 0
0.0925 3.55018
0.093 3.52712
0.0935 0
0.094 3.50032
0.0945 3.59099
0.095 0
0.0955 3.4455
0.096 3.42265
0.0965 0
0.097 3.24642
0.0975 3.20641
0.098 0
0.0985 3.27533
0.099 3.24597
0.0995 0
0.1 3.20198
0.1005 3.08865
0.101 0
0.1015 3.1339
0.102 2.97291
0.1025 0
0.103 2.92526
0.1035 3.16228
0.104 0
0.1045 2.833
0.105 2.92112
0.1055 0
0.106 2.78272
0.1065 2.75301
0.107 2.61919
0.1075 0
0.108 2.55796
0.1085 2.68706
0.109 0
0.1095 2.59455
0.11 2.55167
0.1105 0
0.111 2.49046
0.1115 2.65294
0.112 0
0.1125 2.4914
0.113 2.45197
0.1135 0
0.114 2.46053
0.1145 2.18198
0.115 0
0.1155 2.30484
0.116 2.11857
0.1165 0
0.117 2.26619
0.1175 2.20873
0.118 0
0.1185 2.12518
0.119 2.17433
0.1195 0
0.12 2.24509
0.1205 2.15443
0.121 0
0.1215 2.2067
0.122 2.09361
0.1225 0
0.123 1.99917
0.1235 1.90125
0.124 0
0.1245 1.88584
0.125 1.99638
0.1255 0
0.126 1.87931
0.1265 1.89419
0.127 0
0.1275 1.95541
0.128 1.82872
0.1285 1.81454
0.129 0
0.1295 1.8338
0.13 1.80652
0.1305 0
0.131 1.86604
0.1315 1.65241
0.132 0
0.1325 1.59673
0.133 1.72652
0.1335 0
0.134 1.68143
0.1345 1.64447
0.135 0
0.1355 1.77522
0.136 1.57888
0.1365 0
0.137 1.70856
0.1375 1.52996
0.138 0
0.1385 1.48979
0.139 1.55606
0.1395 0
0.14 1.69051
0.1405 1.65904
0.141 0
0.1415 1.59197
0.142 1.5851
0.1425 0
0.143 1.48169
0.1435 1.48436
0.144 0
0.1445 1.42363
0.145 1.44354
0.1455 0
0.146 1.37042
0.1465 1.4036
0.147 0
0.1475 1.37219
0.148 1.40865
0.1485 1.44504
0.149 0
0.1495 1.29791
0.15 1.33889
0.1505 0
0.151 1.42914
0.1515 1.43199
0.152 0
0.1525 1.35924
0.153 1.40195
0.1535 0
0.154 1.24209
0.1545 1.37414
0.155 0
0.1555 1.29154
0.156 1.25741
0.1565 0
0.157 1.27789
0.1575 1.22401
0.158 0
0.1585 1.23851
0.159 1.29213
0.1595 0
0.16 1.13946
0.1605 1.22047
0.161 0
0.1615 1.10516
0.162 1.08055
0.1625 0
0.163 1.23579
0.1635 1.12204
0.164 0
0.1645 0.981139
0.165 1.10424
0.1655 0
0.166 1.01983
0.1665 1.0094
0.167 0
0.1675 1.18105
0.168 1.12319
0.1685 0
0.169 1.1461
0.1695 1.02584
0.17 1.09363
0.1705 0
0.171 1.06469
0.1715 1.07994
0.172 0
0.1725 1.03054
0.173 0.995703
0.1735 0
0.174 0.975976
0.1745 0.946525
0.175 0
0.1755 1.07945
0.176 0.945943
0.1765 0
0.177 1.00184
0.1775 0.921807
0.178 0
0.1785 0.981214
0.179 0.88167
0.1795 0
0.18 0.804352
0.1805 0.899001
0.181 0
0.1815 0.963077
0.182 0.874808
0.1825 0
0.183 0.849074
0.1835 0.842562
0.184 0
0.1845 1.00774
0.185 0.863758
0.1855 0
0.186 0.962749
0.1865 0.882376
0.187 0
0.1875 0.875595
0.188 0.900124
0.1885 0
0.189 0.791871
0.1895 0.763333
0.19 0
0.1905 0.890471
0.191 0.802338
0.1915 0.746888
0.192 0
0.1925 0.865793
0.193 0.702572
0.1935 0
0.194 0.850595
0.1945 0.740699
0.195 0
0.1955 0.657422
0.196 0.709238
0.1965 0
0.197 0.805519
0.1975 0.737618
0.198 0
0.1985 0.768094
0.199 0.662823
0.1995 0
0.2 0.75454
0.2005 0.828742
0.201 0
0.2015 0.704902
0.202 0.705949
0.2025 0
0.203 0.67445
0.2035 0.744116
0.204 0
0.2045 0.698744
0.205 0.668584
0.2055 0
0.206 0.671547
0.2065 0.654373
0.207 0
0.2075 0.706131
0.208 0.735809
0.2085 0
0.209 0.677282
0.2095 0.641587
0.21 0
0.2105 0.562923
0.211 0.660093
0.2115 0
0.212 0.597131
0.2125 0.617177
0.213 0.702031
0.2135 0
0.214 0.6941
0.2145 0.648423
0.215 0
0.2155 0.63599
0.216 0.555088
0.2165 0
0.217 0.686001
0.2175 0.612541
0.218 0
0.2185 0.629542
0.219 0.654536
0.2195 0
0.22 0.614858
0.2205 0.530886
0.221 0
0.2215 0.520656
0.222 0.504398
0.2225 0
0.223 0.536997
0.2235 0.587587
0.224 0
0.2245 0.54328
0.225 0.639357
0.2255 0
0.226 0.615452
0.2265 0.543956
0.227 0
0.2275 0.549493
0.228 0.651828
0.2285 0
0.229 0.582996
0.2295 0.570016
0.23 0
0.2305 0.528273
0.231 0.531538
0.2315 0
0.232 0.582699
0.2325 0.472947
0.233 0
0.2335 0.562498
0.234 0.516878
0.2345 0.50373
0.235 0
0.2355 0.491347
0.236 0.489591
0.2365 0
0.237 0.552258
0.2375 0.485954
0.238 0
0.2385 0.455814
0.239 0.53883
0.2395 0
0.24 0.481737
0.2405 0.534834
0.241 0
0.2415 0.523866
0.242 0.550673
0.2425 0
0.243 0.529105
0.2435 0.42377
0.244 0
0.2445 0.432759
0.245 0.487715
0.2455 0
0.246 0.4555
0.2465 0.501864
0.247 0
0.2475 0.508662
0.248 0.471771
0.2485 0
0.249 0.38294
0.2495 0.41978
0.25 0
0.2505 0.473692
0.251 0.467408
0.2515 0
0.252 0.510716
0.2525 0.478013
0.253 0
0.2535 0.440132
0.254 0.395472
0.2545 0
0.255 0.543039
0.2555 0.392874
0.256 0.444301
0.2565 0
0.257 0.467139
0.2575 0.475809
0.258 0
0.2585 0.45105
0.259 0.482714
0.2595 0
0.26 0.380932
0.2605 0.398706
0.261 0
0.2615 0.440354
0.262 0.446598
0.2625 0
0.263 0.426367
0.2635 0.456171
0.264 0
0.2645 0.405697
0.265 0.390013
0.2655 0
0.266 0.398425
0.2665 0.446999
0.267 0
0.2675 0.408884
0.268 0.372267
0.2685 0
0.269 0.321737
0.2695 0.345313
0.27 0
0.2705 0.381401
0.271 0.381802
0.2715 0
0.272 0.345426
0.2725 0.322668
0.273 0
0.2735 0.349488
0.274 0.395605
0.2745 0
0.275 0.365174
0.2755 0.431162
0.276 0
0.2765 0.397356
0.277 0.362549
0.2775 0.354845
0.278 0
0.2785 0.416208
0.279 0.344595
0.2795 0
0.28 0.352521
0.2805 0.403354
0.281 0
0.2815 0.478692
0.282 0.314012
0.2825 0
0.283 0.297462
0.2835 0.425157
0.284 0
0.2845 0.35322
0.285 0.356253
0.2855 0
0.286 0.439227
0.2865 0.328078
0.287 0
0.2875 0.335646
0.288 0.338893
0.2885 0
0.289 0.380741
0.2895 0.294225
0.29 0
0.2905 0.303947
0.291 0.328297
0.2915 0
0.292 0.334901
0.2925 0.276331
0.293 0
0.2935 0.420409
0.294 0.303362
0.2945 0
0.295 0.308433
0.2955 0.273174
0.296 0
0.2965 0.271798
0.297 0.327031
0.2975 0.356426
0.298 0
0.2985 0.278375
0.299 0.304458
0.2995 0
0.3 0.297842
0.3005 0.387765
0.301 0
0.3015 0.331087
0.302 0.34512
0.3025 0
0.303 0.296285
0.3035 0.291319
0.304 0
0.3045 0.320441
0.305 0.292128
0.3055 0
0.306 0.245705
0.3065 0.272361
0.307 0
0.3075 0.280563
0.308 0.277805
0.3085 0
0.309 0.254136
0.3095 0.327194
0.31 0
0.3105 0.351738
0.311 0.275407
0.3115 0
0.312 0.264143
0.3125 0.28068
0.313 0
0.3135 0.296864
0.314 0.239525
0.3145 0
0.315 0.258996
0.3155 0.277033
0.316 0
0.3165 0.336253
0.317 0.266446
0.3175 0
0.318 0.247347
0.3185 0.272183
0.319 0.289685
0.3195 0
0.32 0.268031
0.3205 0.253551
0.321 0
0.3215 0.238562
0.322 0.229291
0.3225 0
0.323 0.24625
0.3235 0.313933
0.324 0
0.3245 0.286099
0.325 0.243371
0.3255 0
0.326 0.223421
0.3265 0.244047
0.327 0
0.3275 0.224042
0.328 0.23713
0.3285 0
0.329 0.204242
0.3295 0.25431
0.33 0
0.3305 0.24218
0.331 0.245206
0.3315 0
0.332 0.192411
0.3325 0.278524
0.333 0
0.3335 0.265392
0.334 0.217037
0.3345 0
0.335 0.198941
0.3355 0.262039
0.336 0
0.3365 0.228207
0.337 0.196165
0.3375 0
0.338 0.241432
0.3385 0.223954
0.339 0
0.3395 0.264169
0.34 0.225168
0.3405 0.319171
0.341 0
0.3415 0.204934
0.342 0.212102
0.3425 0
0.343 0.245422
0.3435 0.243798
0.344 0
0.3445 0.231352
0.345 0.291849
0.3455 0
0.346 0.224452
0.3465 0.219554
0.347 0
0.3475 0.241863
0.348 0.253902
0.3485 0
0.349 0.208303
0.3495 0.191076
0.35 0
0.3505 0.333334
0.351 0.196731
0.3515 0
0.352 0.221263
0.3525 0.24605
0.353 0
0.3535 0.197231
0.354 0.171234
0.3545 0
0.355 0.206763
0.3555 0.156466
0.356 0
0.3565 0.252048
0.357 0.171525
0.3575 0
0.358 0.185701
0.3585 0.219881
0.359 0
0.3595 0.198559
0.36 0.187353
0.3605 0
0.361 0.337533
0.3615 0.232696
0.362 0.189455
0.3625 0
0.363 0.16437
0.3635 0.134476
0.364 0
0.3645 0.153961
0.365 0.174706
0.3655 0
0.366 0.196355
0.3665 0.175188
0.367 0
0.3675 0.154536
0.368 0.157293
0.3685 0
0.369 0.207903
0.3695 0.209045
0.37 0
0.3705 0.169512
0.371 0.165245
0.3715 0
0.372 0.202783
0.3725 0.241979
0.373 0
0.3735 0.17611
0.374 0.195394
0.3745 0
0.375 0.193787
0.3755 0.157726
0.376 0
0.3765 0.182188
0.377 0.192592
0.3775 0
0.378 0.171313
0.3785 0.175573
0.379 0
0.3795 0.202491
0.38 0.157393
0.3805 0
0.381 0.143633
0.3815 0.178139
0.382 0
0.3825 0.168042
0.383 0.192901
0.3835 0.126564
0.384 0
0.3845 0.187416
0.385 0.15393
0.3855 0
0.386 0.158249
0.3865 0.15674
0.387 0
0.3875 0.206371
0.388 0.145978
0.3885 0
0.389 0.167442
0.3895 0.19099
0.39 0
0.3905 0.145322
0.391 0.152927
0.3915 0
0.392 0.223007
0.3925 0.123779
0.393 0
0.3935 0.169256
0.394 0.155046
0.3945 0
0.395 0.125067
0.3955 0.118023
0.396 0
0.3965 0.140388
0.397 0.174089
0.3975 0
0.398 0.170098
0.3985 0.14179
0.399 0
0.3995 0.216507
0.4 0.148557
0.4005 0
0.401 0.224398
0.4015 0.156411
0.402 0
0.4025 0.105001
0.403 0.142948
0.4035 0
0.404 0.144973
0.4045 0.139406
0.405 0.158612
0.4055 0
0.406 0.135765
0.4065 0.13989
0.407 0
0.4075 0.158989
0.408 0.123548
0.4085 0
0.409 0.136722
0.4095 0.167859
0.41 0
0.4105 0.134893
0.411 0.11242
0.4115 0
0.412 0.152021
0.4125 0.303295
0.413 0
0.4135 0.133903
0.414 0.233064
0.4145 0
0.415 0.129343
0.4155 0.0967614
0.416 0
0.4165 0.161354
0.417 0.154204
0.4175 0
0.418 0.132733
0.4185 0.139696
0.419 0
0.4195 0.16146
0.42 0.125986
0.4205 0
0.421 0.136972
0.4215 0.174192
0.422 0
0.4225 0.144863
0.423 0.111805
0.4235 0
0.424 0.160761
0.4245 0.16542
0.425 0
0.4255 0.128338
0.426 0.137924
0.4265 0.154934
0.427 0
0.4275 0.112189
0.428 0.118691
0.4285 0
0.429 0.146526
0.4295 0.160285
0.43 0
0.4305 0.0994108
0.431 0.106087
0.4315 0
0.432 0.126008
0.4325 0.165396
0.433 0
0.4335 0.11093
0.434 0.16857
0.4345 0
0.435 0.130979
0.4355 0.135526
0.436 0
0.4365 0.130035
0.437 0.142658
0.4375 0
0.438 0.137642
0.4385 0.125741
0.439 0
0.4395 0.110149
0.44 0.136762
0.4405 0
0.441 0.10711
0.4415 0.141447
0.442 0
0.4425 0.131233
0.443 0.146592
0.4435 0
0.444 0.112002
0.4445 0.10583
0.445 0
0.4455 0.107295
0.446 0.0830593
0.4465 0.138177
0.447 0
0.4475 0.116876
0.448 0.119981
0.4485 0
0.449 0.101238
0.4495 0.132644
0.45 0
0.4505 0.143651
0.451 0.13015
0.4515 0
0.452 0.125605
0.4525 0.136134
0.453 0
0.4535 0.114726
0.454 0.116364
0.4545 0
0.455 0.103673
0.4555 0.13068
0.456 0
0.4565 0.123293
0.457 0.0903141
0.4575 0
0.458 0.11725
0.4585 0.127413
0.459 0
0.4595 0.0762145
0.46 0.0877537
0.4605 0
0.461 0.139937
0.4615 0.130945
0.462 0
0.4625 0.112213
0.463 0.105637
0.4635 0
0.464 0.112366
0.4645 0.127046
0.465 0
0.4655 0.115267
0.466 0.119979
0.4665 0
0.467 0.115232
0.4675 0.117919
0.468 0.10131
0.4685 0
0.469 0.11614
0.4695 0.126084
0.47 0
0.4705 0.13808
0.471 0.128964
0.4715 0
0.472 0.0903517
0.4725 0.10163
0.473 0
0.4735 0.111052
0.474 0.0839012
0.4745 0
0.475 0.0864053
0.4755 0.107097
0.476 0
0.4765 0.121797
0.477 0.0897145
0.4775 0
0.478 0.118381
0.4785 0.121171
0.479 0
0.4795 0.0824329
0.48 0.115576
0.4805 0
0.481 0.126512
0.4815 0.0880939
0.482 0
0.4825 0.104347
0.483 0.10179
0.4835 0
0.484 0.0626035
0.4845 0.0808712
0.485 0
0.4855 0.120177
0.486 0.108227
0.4865 0
0.487 0.13138
0.4875 0.103065
0.488 0
0.4885 0.080321
0.489 0.0788301
0.4895 0.0796103
0.49 0
0.4905 0.0805419
0.491 0.105431
0.4915 0
0.492 0.0912275
0.4925 0.109436
0.493 0
0.4935 0.119077
0.494 0.0862873
0.4945 0
0.495 0.12887
0.4955 0.0912963
0.496 0
0.4965 0.195586
0.497 0.077599
0.4975 0
0.498 0.0772371
0.4985 0.109963
0.499 0
0.4995 0.10289
0.5 0.113487
0.5005 0
0.501 0.0827509
0.5015 0.067515
0.502 0
0.5025 0.0735706
0.503 0.0980067
0.5035 0
0.504 0.102115
0.5045 0.11437
0.505 0
0.5055 0.0930805
0.506 0.0605513
0.5065 0
0.507 0.102244
0.5075 0.0780332
0.508 0
0.5085 0.0944537
0.509 0.10933
0.5095 0
0.51 0.0730353
0.5105 0.0732296
0.511 0.0894122
0.5115 0
0.512 0.0943498
0.5125 0.0851432
0.513 0
0.5135 0.087863
0.514 0.0854423
0.5145 0
0.515 0.106379
0.5155 0.0881985
0.516 0
0.5165 0.064998
0.517 0.100955
0.5175 0
0.518 0.0770981
0.5185 0.0724489
0.519 0
0.5195 0.0759971
0.52 0.0852789
0.5205 0
0.521 0.0846762
0.5215 0.0772776
0.522 0
0.5225 0.101308
0.523 0.0559753
0.5235 0
0.524 0.0555759
0.5245 0.0710384
0.525 0
0.5255 0.0845996
0.526 0.0718372
0.5265 0
0.527 0.0697228
0.5275 0.0983198
0.528 0
0.5285 0.0987651
0.529 0.0722194
0.5295 0
0.53 0.0945567
0.5305 0.0942136
0.531 0
0.5315 0.0751028
0.532 0.0784541
0.5325 0.0620621
0.533 0
0.5335 0.0815222
0.534 0.075113
0.5345 0
0.535 0.0700701
0.5355 0.115758
0.536 0
0.5365 0.0788968
0.537 0.0459199
0.5375 0
0.538 0.0973259
0.5385 0.0682189
0.539 0
0.5395 0.0485754
0.54 0.0848721
0.5405 0
0.541 0.0648276
0.5415 0.0940265
0.542 0
0.5425 0.0708362
0.543 0.0770377
0.5435 0
0.544 0.0984978
0.5445 0.0576065
0.545 0
0.5455 0.0552572
0.546 0.0790755
0.5465 0
0.547 0.0790441
0.5475 0.0678881
0.548 0
0.5485 0.0634914
0.549 0.0695322
0.5495 0
0.55 0.0746041
0.5505 0.0874451
0.551 0
0.5515 0.0730216
0.552 0.0630337
0.5525 0
0.553 0.08745
0.5535 0.073838
0.554 0.0475964
0.5545 0
0.555 0.0520521
0.5555 0.0768059
0.556 0
0.5565 0.0759783
0.557 0.101777
0.5575 0
0.558 0.0817737
0.5585 0.0502678
0.559 0
0.5595 0.0767596
0.56 0.0716275
0.5605 0
0.561 0.0685087
0.5615 0.0783256
0.562 0
0.5625 0.0719028
0.563 0.0733163
0.5635 0
0.564 0.098995
0.5645 0.050156
0.565 0
0.5655 0.0527812
0.566 0.0721571
0.5665 0
0.567 0.0642884
0.5675 0.0691598
0.568 0
0.5685 0.0384515
0.569 0.0906482
0.5695 0
0.57 0.0941098
0.5705 0.0631295
0.571 0
0.5715 0.0670288
0.572 0.0625476
0.5725 0
0.573 0.0877999
0.5735 0.068039
0.574 0.0693302
0.5745 0
0.575 0.0735813
0.5755 0.0720774
0.576 0
0.5765 0.0728008
0.577 0.0779469
0.5775 0
0.578 0.0623149
0.5785 0.0744286
0.579 0
0.5795 0.0643184
0.58 0.0692877
0.5805 0
0.581 0.0542056
0.5815 0.0582595
0.582 0
0.5825 0.0664477
0.583 0.0558749
0.5835 0
0.584 0.0462912
0.5845 0.0347249
0.585 0
0.5855 0.0722467
0.586 0.0502961
0.5865 0
0.587 0.0488128
0.5875 0.0793894
0.588 0
0.5885 0.0456744
0.589 0.057198
0.5895 0
0.59 0.0505141
0.5905 0.0643342
0.591 0
0.5915 0.0770553
0.592 0.0667626
0.5925 0
0.593 0.0978402
0.5935 0.0686171
0.594 0
0.5945 0.0680074
0.595 0.0626179
0.5955 0.0511414
0.596 0
0.5965 0.0499429
0.597 0.0527252
0.5975 0
0.598 0.0531319
0.5985 0.0699958
0.599 0
0.5995 0.0666717
0.6 0.079022
0.6005 0
0.601 0.04004
0.6015 0.0421791
0.602 0
0.6025 0.0433232
0.603 0.0535133
0.6035 0
0.604 0.0499452
0.6045 0.105737
0.605 0
0.6055 0.0442278
0.606 0.0608838
0.6065 0
0.607 0.0617681
0.6075 0.0680888
0.608 0
0.6085 0.0492388
0.609 0.0711261
0.6095 0
0.61 0.0613667
0.6105 0.0595106
0.611 0
0.6115 0.0660689
0.612 0.0494597
0.6125 0
0.613 0.0628743
0.6135 0.0735547
0.614 0
0.6145 0.0681398
0.615 0.0894742
0.6155 0
0.616 0.0558752
0.6165 0.0597553
0.617 0.0551001
0.6175 0
0.618 0.169975
0.6185 0.0497168
0.619 0
0.6195 0.0710747
0.62 0.052069
0.6205 0
0.621 0.0583552
0.6215 0.0988133
0.622 0
0.6225 0.0936389
0.623 0.0468861
0.6235 0
0.624 0.0558359
0.6245 0.0435873
0.625 0
0.6255 0.0651365
0.626 0.0815219
0.6265 0
0.627 0.0592678
0.6275 0.111256
0.628 0
0.6285 0.0695544
0.629 0.0676359
0.6295 0
0.63 0.0415852
0.6305 0.0427736
0.631 0
0.6315 0.0788836
0.632 0.0624408
0.6325 0
0.633 0.0243315
0.6335 0.0575295
0.634 0
0.6345 0.0447375
0.635 0.0504901
0.6355 0
0.636 0.0507819
0.6365 0.0482509
0.637 0
0.6375 0.101471
0.638 0.0368077
0.6385 0.0492082
0.639 0
0.6395 0.0851716
0.64 0.0505964
0.6405 0
0.641 0.0330785
0.6415 0.111449
0.642 0
0.6425 0.0653382
0.643 0.0240271
0.6435 0
0.644 0.0559973
0.6445 0.0233784
0.645 0
0.6455 0.0418085
0.646 0.0411292
0.6465 0
0.647 0.0412289
0.6475 0.0611373
0.648 0
0.6485 0.0415753
0.649 0.0554828
0.6495 0
0.65 0.0667913
0.6505 0.0279363
0.651 0
0.6515 0.0395695
0.652 0.0515127
0.6525 0
0.653 0.0576564
0.6535 0.0458883
0.654 0
0.6545 0.057533
0.655 0.0443676
0.6555 0
0.656 0.0577861
0.6565 0.0394072
0.657 0
0.6575 0.0739714
0.658 0.052586
0.6585 0
0.659 0.0684373
0.6595 0.0545542
0.66 0.0430905
0.6605 0
0.661 0.0489645
0.6615 0.0551047
0.662 0
0.6625 0.0449026
0.663 0.0464718
0.6635 0
0.664 0.0359142
0.6645 0.0521722
0.665 0
0.6655 0.0526686
0.666 0.0415094
0.6665 0
0.667 0.0427009
0.6675 0.034034
0.668 0
0.6685 0.0437506
0.669 0.0402665
0.6695 0
0.67 0.0394141
0.6705 0.0645972
0.671 0
0.6715 0.0505063
0.672 0.0569211
0.6725 0
0.673 0.0326094
0.6735 0.037601
0.674 0
0.6745 0.0376389
0.675 0.0674722
0.6755 0
0.676 0.0418093
0.6765 0.0446709
0.677 0
0.6775 0.0306719
0.678 0.0448808
0.6785 0
0.679 0.0466588
0.6795 0.0406308
0.68 0
0.6805 0.0405892
0.681 0.0430241
0.6815 0.032032
0.682 0
0.6825 0.038038
0.683 0.028028
0.6835 0
0.684 0.028028
0.6845 0.0440682
0.685 0
0.6855 0.0411369
0.686 0.042424
0.6865 0
0.687 0.0414302
0.6875 0.0403493
0.688 0
0.6885 0.0345904
0.689 0.0455598
0.6895 0
0.69 0.0432228
0.6905 0.0222522
0.691 0
0.6915 0.0302486
0.692 0.0349295
0.6925 0
0.693 0.0346381
0.6935 0.0515197
0.694 0
0.6945 0.0561858
0.695 0.0329507
0.6955 0
0.696 0.0306248
0.6965 0.0275258
0.697 0
0.6975 0.0262662
0.698 0.038708
0.6985 0
0.699 0.0586808
0.6995 0.0405091
0.7 0
0.7005 0.0446496
0.701 0.0357311
0.7015 0
0.702 0.0438039
0.7025 0.0300814
0.703 0.0929358
0.7035 0
0.704 0.0400914
0.7045 0.0307234
0.705 0
0.7055 0.03003
0.706 0.0483353
0.7065 0
0.707 0.0462526
0.7075 0.03692
0.708 0
0.7085 0.0468061
0.709 0.0408702
0.7095 0
0.71 0.0436507
0.7105 0.032032
0.711 0
0.7115 0.024024
0.712 0.0271042
0.7125 0
0.713 0.0398579
0.7135 0.0397536
0.714 0
0.7145 0.0323913
0.715 0.026026
0.7155 0
0.716 0.0438485
0.7165 0.0234722
0.717 0
0.7175 0.0567384
0.718 0.0274129
0.7185 0
0.719 0.0397091
0.7195 0.0365185
0.72 0
0.7205 0.0528598
0.721 0.0456594
0.7215 0
0.722 0.0266254
0.7225 0.03331
0.723 0.0320834
0.7235 0
0.724 0.0491285
0.7245 0.014014
0.725 0
0.7255 0.034034
0.726 0.0487961
0.7265 0
0.727 0.032754
0.7275 0.0452523
0.728 0
0.7285 0.0382661
0.729 0.04479
0.7295 0
0.73 0.037684
0.7305 0.0339475
0.731 0
0.7315 0.0584599
0.732 0.042042
0.7325 0
0.733 0.0372497
0.7335 0.0473124
0.734 0
0.7345 0.0346697
0.735 0.0220341
0.7355 0
0.736 0.0389635
0.7365 0.0513088
0.737 0
0.7375 0.0263335
0.738 0.0202779
0.7385 0
0.739 0.0490291
0.7395 0.0184315
0.74 0
0.7405 0.040792
0.741 0.0207804
0.7415 0
0.742 0.0276426
0.7425 0.0260341
0.743 0
0.7435 0.0231594
0.744 0.0396254
0.7445 0.026026
0.745 0
0.7455 0.0519888
0.746 0.0341992
0.7465 0
0.747 0.0435824
0.7475 0.0256218
0.748 0
0.7485 0.0162739
0.749 0.0240422
0.7495 0
0.75 0.0351717
0.7505 0.0456738
0.751 0
0.7515 0.038038
0.752 0.0379175
0.7525 0
0.753 0.033082
0.7535 0.0286133
0.754 0
0.7545 0.0315355
0.755 0.0312192
0.7555 0
0.756 0.0311288
0.7565 0.0321554
0.757 0
0.7575 0.0430325
0.758 0.025382
0.7585 0
0.759 0.0281651
0.7595 0.03804
0.76 0
0.7605 0.0322073
0.761 0.0231227
0.7615 0
0.762 0.026026
0.7625 0.0256358
0.763 0
0.7635 0.0281233
0.764 0.0163789
0.7645 0
0.765 0.0252726
0.7655 0.0202038
0.766 0.022906
0.7665 0
0.767 0.0270315
0.7675 0.0294149
0.768 0
0.7685 0.0333548
0.769 0.0309112
0.7695 0
0.77 0.016016
0.7705 0.014014
0.771 0
0.7715 0.0239389
0.772 0.0522193
0.7725 0
0.773 0.0246364
0.7735 0.0289684
0.774 0
0.7745 0.0290552
0.775 0.0257121
0.7755 0
0.776 0.0292654
0.7765 0.02002
0.777 0
0.7775 0.0298417
0.778 0.0375759
0.7785 0
0.779 0.018018
0.7795 0.056406
0.78 0
0.7805 0.0424979
0.781 0.018018
0.7815 0
0.782 0.0278176
0.7825 0.0258685
0.783 0
0.7835 0.0278325
0.784 0.0402114
0.7845 0
0.785 0.0308222
0.7855 0.0211197
0.786 0
0.7865 0.0180972
0.787 0.0398936
0.7875 0.036247
0.788 0
0.7885 0.0458472
0.789 0.0264665
0.7895 0
0.79 0.0250295
0.7905 0.0500501
0.791 0
0.7915 0.0251617
0.792 0.0284004
0.7925 0
0.793 0.024024
0.7935 0.034034
0.794 0
0.7945 0.0336618
0.795 0.0205673
0.7955 0
0.796 0.016016
0.7965 0.0464522
0.797 0
0.7975 0.0200483
0.798 0.022022
0.7985 0
0.799 0.018018
0.7995 0.0766556
0.8 0
0.8005 0.0317524
0.801 0.0122699
0.8015 0
0.802 0.0412932
0.8025 0.028353
0.803 0
0.8035 0.0254
0.804 0.0390006
0.8045 0
0.805 0.0318742
0.8055 0.012012
0.806 0
0.8065 0.0236235
0.807 0.0350208
0.8075 0
0.808 0.0192088
0.8085 0.0358911
0.809 0.0181894
0.8095 0
0.81 0.024024
0.8105 0.0266625
0.811 0
0.8115 0.0372134
0.812 0.0274902
0.8125 0
0.813 0.022022
0.8135 0.0205307
0.814 0
0.8145 0.016016
0.815 0.024406
0.8155 0
0.816 0.0338553
0.8165 0.0356356
0.817 0
0.8175 0.024024
0.818 0.022022
0.8185 0
0.819 0.0276865
0.8195 0.024024
0.82 0
0.8205 0.0376986
0.821 0.0288271
0.8215 0
0.822 0.0207728
0.8225 0.0246051
0.823 0
0.8235 0.0404904
0.824 0.0137206
0.8245 0
0.825 0.022022
0.8255 0.02002
0.826 0
0.8265 0.0276481
0.827 0.0206358
0.8275 0
0.828 0.026077
0.8285 0.0297366
0.829 0
0.8295 0.0134134
0.83 0.0326691
0.8305 0.018018
0.831 0
0.8315 0.0179931
0.832 0.0514338
0.8325 0
0.833 0.0288823
0.8335 0.03003
0.834 0
0.8345 0.0299272
0.835 0.03003
0.8355 0
0.836 0.0277976
0.8365 0.01001
0.837 0
0.8375 0.0181205
0.838 0.0318846
0.8385 0
0.839 0.0237414
0.8395 0.018018
0.84 0
0.8405 0.018018
0.841 0.0363209
0.8415 0
0.842 0.022022
0.8425 0.022022
0.843 0
0.8435 0.0211067
0.844 0.0203426
0.8445 0
0.845 0.0409031
0.8455 0.0180255
0.846 0
0.8465 0.0156079
0.847 0.0182759
0.8475 0
0.848 0.018018
0.8485 0.0237905
0.849 0
0.8495 0.0278266
0.85 0.0186033
0.8505 0
0.851 0.0102228
0.8515 0.0148073
0.852 0.0191264
0.8525 0
0.853 0.0408382
0.8535 0.0360925
0.854 0
0.8545 0.0223925
0.855 0.024101
0.8555 0
0.856 0.0182887
0.8565 0.0160645
0.857 0
0.8575 0.026206
0.858 0.0253967
0.8585 0
0.859 0.00601405
0.8595 0.0265153
0.86 0
0.8605 0.026026
0.861 0.018018
0.8615 0
0.862 0.0246937
0.8625 0.0137344
0.863 0
0.8635 0.0275103
0.864 0.0480501
0.8645 0
0.865 0.0219709
0.8655 0.0225635
0.866 0
0.8665 0.0325765
0.867 0.0246364
0.8675 0
0.868 0.016016
0.8685 0.0272168
0.869 0
0.8695 0.00600601
0.87 0.0257441
0.8705 0
0.871 0.0318569
0.8715 0.016713
0.872 0.0329637
0.8725 0
0.873 0.0206979
0.8735 0.0186545
0.874 0
0.8745 0.0245158
0.875 0.019679
0.8755 0
0.876 0.016016
0.8765 0.014014
0.877 0
0.8775 0.128378
0.878 0.01001
0.8785 0
0.879 0.024024
0.8795 0.012012
0.88 0
0.8805 0.02002
0.881 0.0201434
0.8815 0
0.882 0.0175136
0.8825 0.0256816
0.883 0
0.8835 0.022842
0.884 0.0221312
0.8845 0
0.885 0.0348911
0.8855 0
0.886 0
0.8865 0.0214214
0.887 0.0244649
0.8875 0
0.888 0.02002
0.8885 0.0194194
0.889 0
0.8895 0.01065
0.89 0.01001
0.8905 0
0.891 0.0242483
0.8915 0.0265714
0.892 0
0.8925 0.024024
0.893 0.014014
0.8935 0.0132673
0.894 0
0.8945 0.02002
0.895 0.022271
0.8955 0
0.896 0.0145598
0.8965 0.0254644
0.897 0
0.8975 0.0238085
0.898 0.0200441
0.8985 0
0.899 0.0261229
0.8995 0.0124255
0.9 0
0.9005 0.0144911
0.901 0.018018
0.9015 0
0.902 0.0155484
0.9025 0.0166491
0.903 0
0.9035 0.0246093
0.904 0.0140654
0.9045 0
0.905 0.0101678
0.9055 0.0603012
0.906 0
0.9065 0.0207802
0.907 0.00800801
0.9075 0
0.908 0.0285196
0.9085 0.0131204
0.909 0
0.9095 0.012012
0.91 0.0142269
0.9105 0
0.911 0.012855
0.9115 0.0174889
0.912 0
0.9125 0.0164801
0.913 0.02002
0.9135 0
0.914 0.0132712
0.9145 0.0294326
0.915 0.00600601
0.9155 0
0.916 0.016016
0.9165 0.0128123
0.917 0
0.9175 0.0137206
0.918 0.0205409
0.9185 0
0.919 0.0186441
0.9195 0.012012
0.92 0
0.9205 0.012012
0.921 0.018018
0.9215 0
0.922 0.0226322
0.9225 0.0122329
0.923 0
0.9235 0.0226385
0.924 0.002002
0.9245 0
0.925 0.0174338
0.9255 0.0181876
0.926 0
0.9265 0.023766
0.927 0.019734
0.9275 0
0.928 0.0407638
0.9285 0.0152252
0.929 0
0.9295 0.0278234
0.93 0.0269466
0.9305 0
0.931 0.004004
0.9315 0.0267194
0.932 0
0.9325 0.0232536
0.933 0.027258
0.9335 0
0.934 0.018018
0.9345 0.0254921
0.935 0
0.9355 0.01001
0.936 0.004004
0.9365 0.0260341
0.937 0
0.9375 0.012604
0.938 0.012012
0.9385 0
0.939 0.0198689
0.9395 0.0105987
0.94 0
0.9405 0.0183814
0.941 0.0205025
0.9415 0
0.942 0.0228625
0.9425 0.01001
0.943 0
0.9435 0.0286356
0.944 0.0155644
0.9445 0
0.945 0.004004
0.9455 0.01001
0.946 0
0.9465 0.004004
0.947 0.026026
0.9475 0
0.948 0.027229
0.9485 0.02002
0.949 0
0.9495 0.0106361
0.95 0.0187784
0.9505 0
0.951 0.00800801
0.9515 0.0146264
0.952 0
0.9525 0.0192369
0.953 0.0240643
0.9535 0
0.954 0.01001
0.9545 0.0174746
0.955 0
0.9555 0.01001
0.956 0.012012
0.9565 0
0.957 0.0061294
0.9575 0.016016
0.958 0.0132684
0.9585 0
0.959 0.0186304
0.9595 0.024024
0.96 0
0.9605 0.0146175
0.961 0.0213737
0.9615 0
0.962 0.012012
0.9625 0.018018
0.963 0
0.9635 0.0144781
0.964 0.0262562
0.9645 0
0.965 0.00275482
0.9655 0.0279589
0.966 0
0.9665 0.00800801
0.967 0.021449
0.9675 0
0.968 0.018018
0.9685 0.0146094
0.969 0
0.9695 0.0117324
0.97 0.018018
0.9705 0
0.971 0.0237807
0.9715 0.0114389
0.972 0
0.9725 0.025138
0.973 0.0222987
0.9735 0
0.974 0.012012
0.9745 0.0219966
0.975 0
0.9755 0.0259903
0.976 0.012455
0.9765 0
0.977 0.0216973
0.9775 0.0184315
0.978 0
0.9785 0.014014
0.979 0.022022
0.9795 0.0298382
0.98 0
0.9805 0.01001
0.981 0.00600601
0.9815 0
0.982 0.018018
0.9825 0.014454
0.983 0
0.9835 0.0127423
0.984 0.027858
0.9845 0
0.985 0.00600601
0.9855 0.01001
0.986 0
0.9865 0.012012
0.987 0.016016
0.9875 0
0.988 0.016016
0.9885 0.00800801
0.989 0
0.9895 0.0205025
0.99 0.014396
0.9905 0
0.991 0.014014
0.9915 0.0165472
0.992 0
0.9925 0.01001
0.993 0.0171817
0.9935 0
0.994 0.012012
0.9945 0.016859
0.995 0
0.9955 0.00689001
0.996 0.0187013
0.9965 0
0.997 0.0284982
0.9975 0.012012
0.998 0
0.9985 0.0244797
0.999 0.004004
0.9995 0
1.0 0
