0.0 3.98351
0.0005 5459.36
0.001 2047.4
0.0015 0
0.002 1347.35
0.0025 940.251
0.003 0
0.0035 701.549
0.004 550.921
0.0045 0
0.005 446.705
0.0055 375.035
0.006 0
0.0065 323.979
0.007 272.654
0.0075 0
0.008 242.116
0.0085 211.441
0.009 0
0.0095 186.762
0.01 167.978
0.0105 0
0.011 153.083
0.0115 139.223
0.012 0
0.0125 127.536
0.013 114.083
0.0135 0
0.014 104.921
0.0145 97.9078
0.015 0
0.0155 90.199
0.016 83.3342
0.0165 0
0.017 77.5228
0.0175 72.526
0.018 0
0.0185 68.3789
0.019 62.9821
0.0195 0
0.02 59.7642
0.0205 55.645
0.021 52.9149
0.0215 0
0.022 50.457
0.0225 47.3484
0.023 0
0.0235 44.0802
0.024 42.531
0.0245 0
0.025 41.3912
0.0255 39.0282
0.026 0
0.0265 37.5556
0.027 34.7726
0.0275 0
0.028 33.2498
0.0285 32.0613
0.029 0
0.0295 31.1353
0.03 29.6934
0.0305 0
0.031 28.3484
0.0315 27.3422
0.032 0
0.0325 26.1039
0.033 24.6409
0.0335 0
0.034 24.1438
0.0345 23.4478
0.035 0
0.0355 22.066
0.036 21.4916
0.0365 0
0.037 20.696
0.0375 19.509
0.038 0
0.0385 18.9996
0.039 18.8199
0.0395 0
0.04 17.9944
0.0405 17.407
0.041 0
0.0415 16.5307
0.042 16.0927
0.0425 15.612
0.043 0
0.0435 15.1764
0.044 14.8523
0.0445 0
0.045 14.5156
0.0455 14.116
0.046 0
0.0465 13.415
0.047 13.2241
0.0475 0
0.048 12.6314
0.0485 12.976
0.049 0
0.0495 12.0619
0.05 11.8966
0.0505 0
0.051 11.4113
0.0515 11.0803
0.052 0
0.0525 10.9116
0.053 10.5744
0.0535 0
0.054 10.6034
0.0545 9.9256
0.055 0
0.0555 9.93869
0.056 9.75852
0.0565 0
0.057 9.38006
0.0575 9.34226
0.058 0
0.0585 8.756
0.059 8.45099
0.0595 0
0.06 8.9045
0.0605 8.23257
0.061 0
0.0615 7.81336
0.062 8.01376
0.0625 0
0.063 7.80118
0.0635 7.49239
0.064 7.35342
0.0645 0
0.065 7.53527
0.0655 7.09583
0.066 0
0.0665 6.8045
0.067 6.737
0.0675 0
0.068 6.87755
0.0685 6.39349
0.069 0
0.0695 6.13673
0.07 6.32825
0.0705 0
0.071 6.25346
0.0715 6.22556
0.072 0
0.0725 5.94512
0.073 5.94006
0.0735 0
0.074 5.72051
0.0745 5.62919
0.075 0
0.0755 5.46159
0.076 5.30153
0.0765 0
0.077 5.03791
0.0775 5.15967
0.078 0
0.0785 5.1124
0.079 5.11923
0.0795 0
0.08 4.85991
0.0805 4.91103
0.081 0
0.0815 4.62624
0.082 4.66193
0.0825 0
0.083 4.47493
0.0835 4.29314
0.084 0
0.0845 6.36761
0.085 4.41844
0.0855 4.14774
0.086 0
0.0865 4.1958
0.087 3.84408
0.0875 0
0.088 4.12791
0.0885 3.92921
0.089 0
0.0895 4.12316
0.09 3.91043
0.0905 0
0.091 3.56112
0.0915 3.45696
0.092 0
0.0925 3.59576
0.093 3.52517
0.0935 0
0.094 3.51641
0.0945 3.39219
0.095 0
0.0955 3.49286
0.096 3.34325
0.0965 0
0.097 3.45558
0.0975 3.26023
0.098 0
0.0985 3.4234
0.099 3.29525
0.0995 0
0.1 3.04726
0.1005 3.09317
0.101 0
0.1015 3.03376
0.102 3.29023
0.1025 0
0.103 2.87003
0.1035 2.71225
0.104 0
0.1045 2.86924
0.105 2.71916
0.1055 0
0.106 2.88826
0.1065 2.73361
0.107 2.74921
0.1075 0
0.108 2.60144
0.1085 2.82049
0.109 0
0.1095 2.68601
0.11 2.58444
0.1105 0
0.111 2.60178
0.1115 2.41986
0.112 0
0.1125 2.47052
0.113 2.5673
0.1135 0
0.114 2.32991
0.1145 2.43206
0.115 0
0.1155 2.30869
0.116 4.10208
0.1165 0
0.117 2.16465
0.1175 2.134
0.118 0
0.1185 2.07364
0.119 2.13889
0.1195 0
0.12 2.05216
0.1205 2.0672
0.121 0
0.1215 2.14335
0.122 2.13
0.1225 0
0.123 2.01914
0.1235 2.04461
0.124 0
0.1245 1.96925
0.125 2.09032
0.1255 0
0.126 1.89373
0.1265 1.80921
0.127 0
0.1275 1.91083
0.128 1.89517
0.1285 1.90645
0.129 0
0.1295 1.80112
0.13 1.62118
0.1305 0
0.131 1.69493
0.1315 1.72267
0.132 0
0.1325 1.67349
0.133 1.6392
0.1335 0
0.134 1.67362
0.1345 1.61584
0.135 0
0.1355 1.75846
0.136 1.6549
0.1365 0
0.137 1.63155
0.1375 1.48927
0.138 0
0.1385 1.56211
0.139 1.55412
0.1395 0
0.14 1.50503
0.1405 1.62737
0.141 0
0.1415 1.49896
0.142 1.53236
0.1425 0
0.143 1.40639
0.1435 1.52594
0.144 0
0.1445 1.48049
0.145 1.37741
0.1455 0
0.146 1.45698
0.1465 1.49081
0.147 0
0.1475 1.34027
0.148 1.33109
0.1485 1.38018
0.149 0
0.1495 1.39567
0.15 1.37536
0.1505 0
0.151 1.34146
0.1515 1.30749
0.152 0
0.1525 1.26382
0.153 1.41748
0.1535 0
0.154 1.25237
0.1545 1.33177
0.155 0
0.1555 1.37048
0.156 1.31187
0.1565 0
0.157 1.26189
0.1575 1.2522
0.158 0
0.1585 1.0953
0.159 1.28439
0.1595 0
0.16 1.10072
0.1605 1.09827
0.161 0
0.1615 1.16031
0.162 1.14653
0.1625 0
0.163 1.17203
0.1635 1.26621
0.164 0
0.1645 1.06273
0.165 1.0971
0.1655 0
0.166 1.12106
0.1665 1.02684
0.167 0
0.1675 0.943968
0.168 1.00553
0.1685 0
0.169 1.08466
0.1695 0.960427
0.17 1.01595
0.1705 0
0.171 1.04256
0.1715 1.03121
0.172 0
0.1725 0.942222
0.173 0.934549
0.1735 0
0.174 1.00859
0.1745 0.875973
0.175 0
0.1755 0.949919
0.176 0.901319
0.1765 0
0.177 0.859994
0.1775 0.961991
0.178 0
0.1785 0.945612
0.179 0.907611
0.1795 0
0.18 0.955069
0.1805 0.946906
0.181 0
0.1815 0.964724
0.182 0.776586
0.1825 0
0.183 0.907322
0.1835 0.942116
0.184 0
0.1845 0.881073
0.185 1.05893
0.1855 0
0.186 0.861966
0.1865 1.01263
0.187 0
0.1875 0.942279
0.188 0.847455
0.1885 0
0.189 0.840731
0.1895 0.822042
0.19 0
0.1905 0.732691
0.191 0.79739
0.1915 0.770525
0.192 0
0.1925 0.858918
0.193 0.82829
0.1935 0
0.194 0.801196
0.1945 0.885883
0.195 0
0.1955 0.785332
0.196 0.76337
0.1965 0
0.197 0.83996
0.1975 0.739849
0.198 0
0.1985 0.739174
0.199 0.765691
0.1995 0
0.2 0.789116
0.2005 0.671768
0.201 0
0.2015 0.78616
0.202 0.803348
0.2025 0
0.203 0.757574
0.2035 0.583236
0.204 0
0.2045 0.717885
0.205 0.615984
0.2055 0
0.206 0.637381
0.2065 0.641254
0.207 0
0.2075 0.642111
0.208 0.582614
0.2085 0
0.209 0.661241
0.2095 0.787412
0.21 0
0.2105 0.620474
0.211 0.654259
0.2115 0
0.212 0.615193
0.2125 0.685647
0.213 0.684882
0.2135 0
0.214 0.678875
0.2145 0.618477
0.215 0
0.2155 0.670634
0.216 0.697198
0.2165 0
0.217 0.606462
0.2175 0.660726
0.218 0
0.2185 0.553797
0.219 0.564038
0.2195 0
0.22 0.541239
0.2205 0.665319
0.221 0
0.2215 0.579038
0.222 0.576406
0.2225 0
0.223 0.555127
0.2235 0.584446
0.224 0
0.2245 0.524281
0.225 0.484955
0.2255 0
0.226 0.579769
0.2265 0.507817
0.227 0
0.2275 0.59899
0.228 0.592175
0.2285 0
0.229 0.545983
0.2295 0.543456
0.23 0
0.2305 0.70268
0.231 0.525767
0.2315 0
0.232 0.606428
0.2325 0.506388
0.233 0
0.2335 0.578806
0.234 0.556638
0.2345 0.51969
0.235 0
0.2355 0.503026
0.236 0.535339
0.2365 0
0.237 0.508811
0.2375 0.450869
0.238 0
0.2385 0.465964
0.239 0.452162
0.2395 0
0.24 0.487927
0.2405 0.519277
0.241 0
0.2415 0.49676
0.242 0.472162
0.2425 0
0.243 0.40566
0.2435 0.527162
0.244 0
0.2445 0.488763
0.245 0.477843
0.2455 0
0.246 0.488997
0.2465 0.38649
0.247 0
0.2475 0.425999
0.248 0.483438
0.2485 0
0.249 0.437371
0.2495 0.437641
0.25 0
0.2505 0.518746
0.251 0.437739
0.2515 0
0.252 0.439321
0.2525 0.44848
0.253 0
0.2535 0.407553
0.254 0.401954
0.2545 0
0.255 0.39703
0.2555 0.354323
0.256 0.386176
0.2565 0
0.257 0.502885
0.2575 0.430774
0.258 0
0.2585 0.504188
0.259 0.383008
0.2595 0
0.26 0.425293
0.2605 0.434265
0.261 0
0.2615 0.375998
0.262 0.346765
0.2625 0
0.263 0.422483
0.2635 0.381665
0.264 0
0.2645 0.421555
0.265 0.405549
0.2655 0
0.266 0.363727
0.2665 0.333743
0.267 0
0.2675 0.338278
0.268 0.363091
0.2685 0
0.269 0.411855
0.2695 0.375464
0.27 0
0.2705 0.372661
0.271 0.369264
0.2715 0
0.272 0.374525
0.2725 0.377079
0.273 0
0.2735 0.336672
0.274 0.366963
0.2745 0
0.275 0.399383
0.2755 0.341031
0.276 0
0.2765 0.302317
0.277 0.345914
0.2775 0.361728
0.278 0
0.2785 0.38162
0.279 0.427443
0.2795 0
0.28 0.35379
0.2805 0.383289
0.281 0
0.2815 0.302635
0.282 0.403504
0.2825 0
0.283 0.320131
0.2835 0.352806
0.284 0
0.2845 0.340941
0.285 0.371043
0.2855 0
0.286 0.353794
0.2865 0.345511
0.287 0
0.2875 0.367259
0.288 0.329717
0.2885 0
0.289 0.328063
0.2895 0.301281
0.29 0
0.2905 0.316068
0.291 0.345938
0.2915 0
0.292 0.354801
0.2925 0.622227
0.293 0
0.2935 0.316524
0.294 0.336179
0.2945 0
0.295 0.380942
0.2955 0.261227
0.296 0
0.2965 0.378979
0.297 0.281817
0.2975 0.309006
0.298 0
0.2985 0.275327
0.299 0.328283
0.2995 0
0.3 0.327434
0.3005 0.277551
0.301 0
0.3015 0.29524
0.302 0.330903
0.3025 0
0.303 0.254581
0.3035 0.318337
0.304 0
0.3045 0.364211
0.305 0.336294
0.3055 0
0.306 0.256586
0.3065 0.249915
0.307 0
0.3075 0.295807
0.308 0.290276
0.3085 0
0.309 0.249215
0.3095 0.220797
0.31 0
0.3105 0.364327
0.311 0.284277
0.3115 0
0.312 0.280452
0.3125 0.26832
0.313 0
0.3135 0.324598
0.314 0.340396
0.3145 0
0.315 0.247393
0.3155 0.235339
0.316 0
0.3165 0.281167
0.317 0.232723
0.3175 0
0.318 0.33136
0.3185 0.278203
0.319 0.262594
0.3195 0
0.32 0.260752
0.3205 0.251249
0.321 0
0.3215 0.248401
0.322 0.245838
0.3225 0
0.323 0.237773
0.3235 0.262857
0.324 0
0.3245 0.225095
0.325 0.258291
0.3255 0
0.326 0.224747
0.3265 0.229652
0.327 0
0.3275 0.252744
0.328 0.238124
0.3285 0
0.329 0.22479
0.3295 0.272409
0.33 0
0.3305 0.249155
0.331 0.231896
0.3315 0
0.332 0.301162
0.3325 0.271238
0.333 0
0.3335 0.254919
0.334 0.210334
0.3345 0
0.335 0.215841
0.3355 0.247781
0.336 0
0.3365 0.221942
0.337 0.284978
0.3375 0
0.338 0.231749
0.3385 0.251247
0.339 0
0.3395 0.242422
0.34 0.236844
0.3405 0.264639
0.341 0
0.3415 0.208861
0.342 0.228704
0.3425 0
0.343 0.202685
0.3435 0.186835
0.344 0
0.3445 0.192212
0.345 0.19608
0.3455 0
0.346 0.19078
0.3465 0.180752
0.347 0
0.3475 0.207356
0.348 0.226391
0.3485 0
0.349 0.220646
0.3495 0.220393
0.35 0
0.3505 0.208053
0.351 0.183908
0.3515 0
0.352 0.1962
0.3525 0.212804
0.353 0
0.3535 0.209633
0.354 0.216282
0.3545 0
0.355 0.219538
0.3555 0.179587
0.356 0
0.3565 0.207384
0.357 0.192253
0.3575 0
0.358 0.177206
0.3585 0.246271
0.359 0
0.3595 0.208358
0.36 0.193985
0.3605 0
0.361 0.187773
0.3615 0.215334
0.362 0.168163
0.3625 0
0.363 0.210607
0.3635 0.282044
0.364 0
0.3645 0.246472
0.365 0.189974
0.3655 0
0.366 0.210058
0.3665 0.201446
0.367 0
0.3675 0.170768
0.368 0.164852
0.3685 0
0.369 0.350564
0.3695 0.18171
0.37 0
0.3705 0.126047
0.371 0.150073
0.3715 0
0.372 0.202208
0.3725 0.138678
0.373 0
0.3735 0.16345
0.374 0.179077
0.3745 0
0.375 0.179691
0.3755 0.264404
0.376 0
0.3765 0.30884
0.377 0.139202
0.3775 0
0.378 0.220343
0.3785 0.210531
0.379 0
0.3795 0.193216
0.38 0.149311
0.3805 0
0.381 0.152213
0.3815 0.165799
0.382 0
0.3825 0.148945
0.383 0.215434
0.3835 0.173122
0.384 0
0.3845 0.164884
0.385 0.132998
0.3855 0
0.386 0.144426
0.3865 0.194297
0.387 0
0.3875 0.140689
0.388 0.156694
0.3885 0
0.389 0.199059
0.3895 0.138674
0.39 0
0.3905 0.156076
0.391 0.133369
0.3915 0
0.392 0.170451
0.3925 0.176272
0.393 0
0.3935 0.170695
0.394 0.166035
0.3945 0
0.395 0.17151
0.3955 0.135778
0.396 0
0.3965 0.178493
0.397 0.170105
0.3975 0
0.398 0.157224
0.3985 0.176542
0.399 0
0.3995 0.212099
0.4 0.16341
0.4005 0
0.401 0.156274
0.4015 0.140436
0.402 0
0.4025 0.161205
0.403 0.145619
0.4035 0
0.404 0.141805
0.4045 0.142117
0.405 0.132034
0.4055 0
0.406 0.130429
0.4065 0.155691
0.407 0
0.4075 0.15793
0.408 0.133086
0.4085 0
0.409 0.145126
0.4095 0.127488
0.41 0
0.4105 0.142032
0.411 0.170272
0.4115 0
0.412 0.121424
0.4125 0.174935
0.413 0
0.4135 0.114874
0.414 0.149054
0.4145 0
0.415 0.123907
0.4155 0.161878
0.416 0
0.4165 0.121008
0.417 0.174739
0.4175 0
0.418 0.164636
0.4185 0.196946
0.419 0
0.4195 0.141708
0.42 0.157424
0.4205 0
0.421 0.142724
0.4215 0.141055
0.422 0
0.4225 0.126291
0.423 0.147677
0.4235 0
0.424 0.159473
0.4245 0.108426
0.425 0
0.4255 0.154219
0.426 0.186225
0.4265 0.132016
0.427 0
0.4275 0.142012
0.428 0.137478
0.4285 0
0.429 0.099703
0.4295 0.136207
0.43 0
0.4305 0.160454
0.431 0.175639
0.4315 0
0.432 0.1261
0.4325 0.115481
0.433 0
0.4335 0.10397
0.434 0.134254
0.4345 0
0.435 0.144465
0.4355 0.119767
0.436 0
0.4365 0.12644
0.437 0.113163
0.4375 0
0.438 0.114115
0.4385 0.101304
0.439 0
0.4395 0.142327
0.44 0.147247
0.4405 0
0.441 0.145604
0.4415 0.144785
0.442 0
0.4425 0.0938884
0.443 0.149562
0.4435 0
0.444 0.123874
0.4445 0.107192
0.445 0
0.4455 0.123268
0.446 0.106813
0.4465 0.1018
0.447 0
0.4475 0.124918
0.448 0.125639
0.4485 0
0.449 0.130196
0.4495 0.0983133
0.45 0
0.4505 0.122873
0.451 0.115675
0.4515 0
0.452 0.121755
0.4525 0.111402
0.453 0
0.4535 0.120166
0.454 0.15044
0.4545 0
0.455 0.0956262
0.4555 0.145137
0.456 0
0.4565 0.101278
0.457 0.11762
0.4575 0
0.458 0.119902
0.4585 0.0949671
0.459 0
0.4595 0.101415
0.46 0.123355
0.4605 0
0.461 0.0948566
0.4615 0.134003
0.462 0
0.4625 0.0925672
0.463 0.0973535
0.4635 0
0.464 0.0777701
0.4645 0.131652
0.465 0
0.4655 0.151474
0.466 0.120713
0.4665 0
0.467 0.117727
0.4675 0.0900399
0.468 0.0987321
0.4685 0
0.469 0.105892
0.4695 0.0808966
0.47 0
0.4705 0.110859
0.471 0.101088
0.4715 0
0.472 0.134609
0.4725 0.0777854
0.473 0
0.4735 0.0975303
0.474 0.0915476
0.4745 0
0.475 0.116194
0.4755 0.0949411
0.476 0
0.4765 0.0963669
0.477 0.0937752
0.4775 0
0.478 0.10317
0.4785 0.0699572
0.479 0
0.4795 0.0838937
0.48 0.0904291
0.4805 0
0.481 0.110029
0.4815 0.0935887
0.482 0
0.4825 0.117235
0.483 0.105089
0.4835 0
0.484 0.103657
0.4845 0.0866888
0.485 0
0.4855 0.0771752
0.486 0.0847849
0.4865 0
0.487 0.127941
0.4875 0.0959062
0.488 0
0.4885 0.122494
0.489 0.0960867
0.4895 0.0926706
0.49 0
0.4905 0.091259
0.491 0.101477
0.4915 0
0.492 0.15286
0.4925 0.0965664
0.493 0
0.4935 0.0892145
0.494 0.0803877
0.4945 0
0.495 0.0939701
0.4955 0.095685
0.496 0
0.4965 0.0726591
0.497 0.0815592
0.4975 0
0.498 0.118813
0.4985 0.113818
0.499 0
0.4995 0.106046
0.5 0.0904081
0.5005 0
0.501 0.107027
0.5015 0.100591
0.502 0
0.5025 0.0955741
0.503 0.076854
0.5035 0
0.504 0.093206
0.5045 0.108251
0.505 0
0.5055 0.0923114
0.506 0.0851163
0.5065 0
0.507 0.0743324
0.5075 0.0642411
0.508 0
0.5085 0.0833463
0.509 0.0833395
0.5095 0
0.51 0.0744454
0.5105 0.092548
0.511 0.0782502
0.5115 0
0.512 0.107667
0.5125 0.0988809
0.513 0
0.5135 0.0874739
0.514 0.0704879
0.5145 0
0.515 0.0945818
0.5155 0.0834387
0.516 0
0.5165 0.0740027
0.517 0.105779
0.5175 0
0.518 0.105672
0.5185 0.0691142
0.519 0
0.5195 0.119882
0.52 0.056684
0.5205 0
0.521 0.0993283
0.5215 0.0719709
0.522 0
0.5225 0.0939683
0.523 0.0880573
0.5235 0
0.524 0.085349
0.5245 0.0889261
0.525 0
0.5255 0.104183
0.526 0.0760128
0.5265 0
0.527 0.0868796
0.5275 0.085351
0.528 0
0.5285 0.0898798
0.529 0.0679326
0.5295 0
0.53 0.107996
0.5305 0.0790538
0.531 0
0.5315 0.075838
0.532 0.0752988
0.5325 0.0566685
0.533 0
0.5335 0.0826727
0.534 0.078863
0.5345 0
0.535 0.087563
0.5355 0.0613753
0.536 0
0.5365 0.0844269
0.537 0.0595804
0.5375 0
0.538 0.107841
0.5385 0.0742509
0.539 0
0.5395 0.0968347
0.54 0.124657
0.5405 0
0.541 0.0681921
0.5415 0.0713738
0.542 0
0.5425 0.0820635
0.543 0.0698261
0.5435 0
0.544 0.0862459
0.5445 0.0931498
0.545 0
0.5455 0.096524
0.546 0.0831445
0.5465 0
0.547 0.0881339
0.5475 0.0598177
0.548 0
0.5485 0.0671369
0.549 0.0803329
0.5495 0
0.55 0.0404591
0.5505 0.0637382
0.551 0
0.5515 0.0749176
0.552 0.0668831
0.5525 0
0.553 0.0844248
0.5535 0.058894
0.554 0.0456221
0.5545 0
0.555 0.0833784
0.5555 0.0701643
0.556 0
0.5565 0.0957437
0.557 0.0673559
0.5575 0
0.558 0.0580581
0.5585 0.059613
0.559 0
0.5595 0.0823062
0.56 0.053008
0.5605 0
0.561 0.0599859
0.5615 0.0790958
0.562 0
0.5625 0.0672649
0.563 0.0592834
0.5635 0
0.564 0.079791
0.5645 0.0682017
0.565 0
0.5655 0.0657141
0.566 0.0444663
0.5665 0
0.567 0.0963553
0.5675 0.0890363
0.568 0
0.5685 0.0503728
0.569 0.0674539
0.5695 0
0.57 0.0722559
0.5705 0.0528073
0.571 0
0.5715 0.0649256
0.572 0.0705223
0.5725 0
0.573 0.0660084
0.5735 0.0928785
0.574 0.072813
0.5745 0
0.575 0.0656192
0.5755 0.0263605
0.576 0
0.5765 0.0622576
0.577 0.0567685
0.5775 0
0.578 0.0429945
0.5785 0.0550191
0.579 0
0.5795 0.0484578
0.58 0.0693358
0.5805 0
0.581 0.0812823
0.5815 0.0561936
0.582 0
0.5825 0.0598014
0.583 0.0641476
0.5835 0
0.584 0.0429177
0.5845 0.0569373
0.585 0
0.5855 0.0697138
0.586 0.064544
0.5865 0
0.587 0.0750799
0.5875 0.0615248
0.588 0
0.5885 0.0725136
0.589 0.053472
0.5895 0
0.59 0.0757368
0.5905 0.0793601
0.591 0
0.5915 0.0593025
0.592 0.0692095
0.5925 0
0.593 0.0513392
0.5935 0.0595706
0.594 0
0.5945 0.0726634
0.595 0.0704443
0.5955 0.0505202
0.596 0
0.5965 0.0714564
0.597 0.049645
0.5975 0
0.598 0.0438147
0.5985 0.057575
0.599 0
0.5995 0.0560702
0.6 0.0780333
0.6005 0
0.601 0.0727108
0.6015 0.0588641
0.602 0
0.6025 0.06224
0.603 0.0468678
0.6035 0
0.604 0.0637201
0.6045 0.0302258
0.605 0
0.6055 0.0383183
0.606 0.0522639
0.6065 0
0.607 0.0694262
0.6075 0.0572536
0.608 0
0.6085 0.0560812
0.609 0.0624961
0.6095 0
0.61 0.0680064
0.6105 0.0622267
0.611 0
0.6115 0.0524521
0.612 0.0669743
0.6125 0
0.613 0.0556101
0.6135 0.0376344
0.614 0
0.6145 0.0574576
0.615 0.059195
0.6155 0
0.616 0.0590037
0.6165 0.0515118
0.617 0.0631793
0.6175 0
0.618 0.0648248
0.6185 0.062903
0.619 0
0.6195 0.0639488
0.62 0.0529943
0.6205 0
0.621 0.0684584
0.6215 0.0406233
0.622 0
0.6225 0.0831205
0.623 0.0576125
0.6235 0
0.624 0.0575635
0.6245 0.0943062
0.625 0
0.6255 0.0439863
0.626 0.0558264
0.6265 0
0.627 0.0737553
0.6275 0.0405164
0.628 0
0.6285 0.0558392
0.629 0.0307933
0.6295 0
0.63 0.0329729
0.6305 0.0651428
0.631 0
0.6315 0.0801295
0.632 0.056617
0.6325 0
0.633 0.0377957
0.6335 0.0564184
0.634 0
0.6345 0.042042
0.635 0.0386357
0.6355 0
0.636 0.0444722
0.6365 0.0485592
0.637 0
0.6375 0.0538517
0.638 0.045903
0.6385 0.046046
0.639 0
0.6395 0.0361708
0.64 0.0503252
0.6405 0
0.641 0.0553833
0.6415 0.0538343
0.642 0
0.6425 0.0448602
0.643 0.0714895
0.6435 0
0.644 0.0479208
0.6445 0.0444665
0.645 0
0.6455 0.059974
0.646 0.0479732
0.6465 0
0.647 0.0594439
0.6475 0.0442326
0.648 0
0.6485 0.035105
0.649 0.0731743
0.6495 0
0.65 0.0534458
0.6505 0.0470247
0.651 0
0.6515 0.037895
0.652 0.0519508
0.6525 0
0.653 0.0486581
0.6535 0.0510983
0.654 0
0.6545 0.0385224
0.655 0.0475273
0.6555 0
0.656 0.0448225
0.6565 0.046318
0.657 0
0.6575 0.046177
0.658 0.0323374
0.6585 0
0.659 0.0394151
0.6595 0.04724
0.66 0.032032
0.6605 0
0.661 0.0365828
0.6615 0.0388376
0.662 0
0.6625 0.036036
0.663 0.0539542
0.6635 0
0.664 0.057092
0.6645 0.0310243
0.665 0
0.6655 0.0452957
0.666 0.0480851
0.6665 0
0.667 0.0561746
0.6675 0.0352853
0.668 0
0.6685 0.108654
0.669 0.0576124
0.6695 0
0.67 0.0200381
0.6705 0.0592675
0.671 0
0.6715 0.0547049
0.672 0.0506726
0.6725 0
0.673 0.0270006
0.6735 0.0259832
0.674 0
0.6745 0.0447697
0.675 0.046046
0.6755 0
0.676 0.0424876
0.6765 0.0301655
0.677 0
0.6775 0.0466552
0.678 0.0478314
0.6785 0
0.679 0.0766941
0.6795 0.0458316
0.68 0
0.6805 0.0263185
0.681 0.0328603
0.6815 0.0508835
0.682 0
0.6825 0.0793693
0.683 0.0550686
0.6835 0
0.684 0.0408199
0.6845 0.0372474
0.685 0
0.6855 0.0430637
0.686 0.0262218
0.6865 0
0.687 0.0584621
0.6875 0.0323502
0.688 0
0.6885 0.0333751
0.689 0.0557886
0.6895 0
0.69 0.0301048
0.6905 0.039453
0.691 0
0.6915 0.0414935
0.692 0.034034
0.6925 0
0.693 0.0436764
0.6935 0.0431519
0.694 0
0.6945 0.0213021
0.695 0.0438792
0.6955 0
0.696 0.0513051
0.6965 0.0447724
0.697 0
0.6975 0.0370506
0.698 0.036036
0.6985 0
0.699 0.034034
0.6995 0.022022
0.7 0
0.7005 0.0479517
0.701 0.0293705
0.7015 0
0.702 0.0496887
0.7025 0.0402903
0.703 0.026484
0.7035 0
0.704 0.0564906
0.7045 0.0545545
0.705 0
0.7055 0.0387877
0.706 0.0452219
0.7065 0
0.707 0.0408363
0.7075 0.0317539
0.708 0
0.7085 0.0543092
0.709 0.0393121
0.7095 0
0.71 0.02803
0.7105 0.0615678
0.711 0
0.7115 0.036203
0.712 0.03003
0.7125 0
0.713 0.0401232
0.7135 0.0232377
0.714 0
0.7145 0.0433846
0.715 0.0628104
0.7155 0
0.716 0.0622382
0.7165 0.0454201
0.717 0
0.7175 0.0485384
0.718 0.0400581
0.7185 0
0.719 0.032032
0.7195 0.01001
0.72 0
0.7205 0.0521941
0.721 0.0302544
0.7215 0
0.722 0.0590595
0.7225 0.0323024
0.723 0.034034
0.7235 0
0.724 0.042657
0.7245 0.0196993
0.725 0
0.7255 0.0371854
0.726 0.0280816
0.7265 0
0.727 0.0306513
0.7275 0.0398012
0.728 0
0.7285 0.0290402
0.729 0.0248997
0.7295 0
0.73 0.0242483
0.7305 0.0379275
0.731 0
0.7315 0.0265473
0.732 0.0447706
0.7325 0
0.733 0.0308213
0.7335 0.0603224
0.734 0
0.7345 0.038148
0.735 0.0403522
0.7355 0
0.736 0.0426717
0.7365 0.032032
0.737 0
0.7375 0.012012
0.738 0.0353554
0.7385 0
0.739 0.0160759
0.7395 0.0246168
0.74 0
0.7405 0.0471075
0.741 0.0312629
0.7415 0
0.742 0.0323262
0.7425 0.0260628
0.743 0
0.7435 0.0221568
0.744 0.022022
0.7445 0.0314041
0.745 0
0.7455 0.0430588
0.746 0.0221231
0.7465 0
0.747 0.0222014
0.7475 0.0496769
0.748 0
0.7485 0.0347987
0.749 0.0373499
0.7495 0
0.75 0.0242483
0.7505 0.037081
0.751 0
0.7515 0.0306828
0.752 0.0446386
0.7525 0
0.753 0.0615348
0.7535 0.0260628
0.754 0
0.7545 0.0247066
0.755 0.0180261
0.7555 0
0.756 0.032032
0.7565 0.0223083
0.757 0
0.7575 0.0306814
0.758 0.0262763
0.7585 0
0.759 0.0340707
0.7595 0.0553617
0.76 0
0.7605 0.0471886
0.761 0.0369454
0.7615 0
0.762 0.0336403
0.7625 0.0615412
0.763 0
0.7635 0.0249375
0.764 0.021843
0.7645 0
0.765 0.0323747
0.7655 0.0351137
0.766 0.0305831
0.7665 0
0.767 0.0363815
0.7675 0.03003
0.768 0
0.7685 0.0484587
0.769 0.021766
0.7695 0
0.77 0.039034
0.7705 0.02002
0.771 0
0.7715 0.0261909
0.772 0.0281007
0.7725 0
0.773 0.0775123
0.7735 0.04004
0.774 0
0.7745 0.02442
0.775 0.036379
0.7755 0
0.776 0.0269123
0.7765 0.018018
0.777 0
0.7775 0.032032
0.778 0.0349117
0.7785 0
0.779 0.0360906
0.7795 0.0286563
0.78 0
0.7805 0.0320866
0.781 0.0316644
0.7815 0
0.782 0.0202158
0.7825 0.035299
0.783 0
0.7835 0.036036
0.784 0.0367429
0.7845 0
0.785 0.0230946
0.7855 0.0260383
0.786 0
0.7865 0.0268173
0.787 0.0332252
0.7875 0.0555193
0.788 0
0.7885 0.0521918
0.789 0.0248744
0.7895 0
0.79 0.0286229
0.7905 0.026026
0.791 0
0.7915 0.026026
0.792 0.050058
0.7925 0
0.793 0.0367186
0.7935 0.0586415
0.794 0
0.7945 0.0244312
0.795 0.0194232
0.7955 0
0.796 0.0181528
0.7965 0.0251197
0.797 0
0.7975 0.0203142
0.798 0.0352893
0.7985 0
0.799 0.0283276
0.7995 0.031515
0.8 0
0.8005 0.0238857
0.801 0.036861
0.8015 0
0.802 0.0234376
0.8025 0.022022
0.803 0
0.8035 0.0318509
0.804 0.0247318
0.8045 0
0.805 0.0347597
0.8055 0.0450562
0.806 0
0.8065 0.0639194
0.807 0.0216743
0.8075 0
0.808 0.0314649
0.8085 0.0400216
0.809 0.0254027
0.8095 0
0.81 0.034662
0.8105 0.03003
0.811 0
0.8115 0.0518814
0.812 0.0387324
0.8125 0
0.813 0.0435922
0.8135 0.0285043
0.814 0
0.8145 0.01487
0.815 0.0249503
0.8155 0
0.816 0.026026
0.8165 0.02002
0.817 0
0.8175 0.0243667
0.818 0.0405044
0.8185 0
0.819 0.024024
0.8195 0.022022
0.82 0
0.8205 0.0143873
0.821 0.0396396
0.8215 0
0.822 0.024024
0.8225 0.0280984
0.823 0
0.8235 0.018018
0.824 0.0479707
0.8245 0
0.825 0.0228977
0.8255 0.0163262
0.826 0
0.8265 0.013278
0.827 0.0230168
0.8275 0
0.828 0.02002
0.8285 0.026026
0.829 0
0.8295 0.02801
0.83 0.0165192
0.8305 0.016016
0.831 0
0.8315 0.0328127
0.832 0.0234699
0.8325 0
0.833 0.0332432
0.8335 0.0540181
0.834 0
0.8345 0.027022
0.835 0.0208035
0.8355 0
0.836 0.034034
0.8365 0.024024
0.837 0
0.8375 0.0260427
0.838 0.0221209
0.8385 0
0.839 0.02002
0.8395 0.0153613
0.84 0
0.8405 0.0277693
0.841 0.0332023
0.8415 0
0.842 0.0207937
0.8425 0.022022
0.843 0
0.8435 0.0183282
0.844 0.022022
0.8445 0
0.845 0.012012
0.8455 0.0287989
0.846 0
0.8465 0.0311328
0.847 0.0641638
0.8475 0
0.848 0.0272909
0.8485 0.018018
0.849 0
0.8495 0.024024
0.85 0.024024
0.8505 0
0.851 0.0331814
0.8515 0.02002
0.852 0.024024
0.8525 0
0.853 0.0202354
0.8535 0.0141978
0.854 0
0.8545 0.020022
0.855 0.0204894
0.8555 0
0.856 0.0257744
0.8565 0.026452
0.857 0
0.8575 0.0314272
0.858 0.0345768
0.8585 0
0.859 0.022022
0.8595 0.014014
0.86 0
0.8605 0.0569436
0.861 0.016016
0.8615 0
0.862 0.0207666
0.8625 0.0217852
0.863 0
0.8635 0.0258509
0.864 0.014014
0.8645 0
0.865 0.018767
0.8655 0.012012
0.866 0
0.8665 0.023832
0.867 0.0288094
0.8675 0
0.868 0.022022
0.8685 0.01001
0.869 0
0.8695 0.0195117
0.87 0.022022
0.8705 0
0.871 0.0109108
0.8715 0.0143567
0.872 0.0276276
0.8725 0
0.873 0.0228977
0.8735 0.0170755
0.874 0
0.8745 0.012012
0.875 0.018018
0.8755 0
0.876 0.018018
0.8765 0.0329559
0.877 0
0.8775 0.012012
0.878 0.0234718
0.8785 0
0.879 0.014014
0.8795 0.0266808
0.88 0
0.8805 0.026026
0.881 0.0223357
0.8815 0
0.882 0.019765
0.8825 0.0326151
0.883 0
0.8835 0.0156156
0.884 0.02577
0.8845 0
0.885 0.0206358
0.8855 0.0190494
0.886 0
0.8865 0.0266345
0.887 0.018633
0.8875 0
0.888 0.0143873
0.8885 0.0257732
0.889 0
0.8895 0.0267451
0.89 0.014014
0.8905 0
0.891 0.02002
0.8915 0.016016
0.892 0
0.8925 0.0227303
0.893 0.012012
0.8935 0.0448567
0.894 0
0.8945 0.012012
0.895 0.0212506
0.8955 0
0.896 0.0144781
0.8965 0.018018
0.897 0
0.8975 0.016016
0.898 0.0201568
0.8985 0
0.899 0.0227672
0.8995 0.01001
0.9 0
0.9005 0.0172796
0.901 0.0240321
0.9015 0
0.902 0.018018
0.9025 0.016016
0.903 0
0.9035 0.0156683
0.904 0.01001
0.9045 0
0.905 0.02002
0.9055 0.026026
0.906 0
0.9065 0.018018
0.907 0.0258534
0.9075 0
0.908 0.022022
0.9085 0.022022
0.909 0
0.9095 0.0342805
0.91 0.022022
0.9105 0
0.911 0.0205081
0.9115 0.0324387
0.912 0
0.9125 0.026026
0.913 0.0202443
0.9135 0
0.914 0.016016
0.9145 0.0147783
0.915 0.019284
0.9155 0
0.916 0.024024
0.9165 0.0202086
0.917 0
0.9175 0.01001
0.918 0.016016
0.9185 0
0.919 0.0151729
0.9195 0.0129774
0.92 0
0.9205 0.012012
0.921 0.0121109
0.9215 0
0.922 0.011884
0.9225 0.0262763
0.923 0
0.9235 0.00800801
0.924 0.022022
0.9245 0
0.925 0.014014
0.9255 0.016016
0.926 0
0.9265 0.0180025
0.927 0.0214021
0.9275 0
0.928 0.00600601
0.9285 0.0225326
0.929 0
0.9295 0.012012
0.93 0.0101986
0.9305 0
0.931 0.026026
0.9315 0.0192544
0.932 0
0.9325 0.0124343
0.933 0.0147331
0.9335 0
0.934 0.016016
0.9345 0.021048
0.935 0
0.9355 0.0271057
0.936 0.0168917
0.9365 0.004004
0.937 0
0.9375 0.0113525
0.938 0.0275431
0.9385 0
0.939 0.0132941
0.9395 0.0162137
0.94 0
0.9405 0.018018
0.941 0.0189486
0.9415 0
0.942 0.0128712
0.9425 0.0161809
0.943 0
0.9435 0.014579
0.944 0.0417377
0.9445 0
0.945 0.01001
0.9455 0.02273
0.946 0
0.9465 0.014014
0.947 0.00739383
0.9475 0
0.948 0.022022
0.9485 0.0237241
0.949 0
0.9495 0.00800801
0.95 0.018018
0.9505 0
0.951 0.014016
0.9515 0.0200799
0.952 0
0.9525 0.02002
0.953 0.026026
0.9535 0
0.954 0.0192575
0.9545 0.014014
0.955 0
0.9555 0.0174078
0.956 0.00875704
0.9565 0
0.957 0.0182138
0.9575 0.00801606
0.958 0.012012
0.9585 0
0.959 0.00800801
0.9595 0.012012
0.96 0
0.9605 0.0258566
0.961 0.0142383
0.9615 0
0.962 0.0173188
0.9625 0.0342304
0.963 0
0.9635 0.0223565
0.964 0.00833701
0.9645 0
0.965 0.0123306
0.9655 0.0188937
0.966 0
0.9665 0.018018
0.967 0.018776
0.9675 0
0.968 0.04566
0.9685 0.0153847
0.969 0
0.9695 0.01001
0.97 0.026026
0.9705 0
0.971 0.00600601
0.9715 0.0148882
0.972 0
0.9725 0.0121958
0.973 0.0228932
0.9735 0
0.974 0.0185736
0.9745 0.02002
0.975 0
0.9755 0.0183362
0.976 0.016016
0.9765 0
0.977 0.012012
0.9775 0.0124761
0.978 0
0.9785 0.00600601
0.979 0.025976
0.9795 0.0172555
0.98 0
0.9805 0.0183693
0.981 0.0218716
0.9815 0
0.982 0.014014
0.9825 0.02002
0.983 0
0.9835 0.00872709
0.984 0.002002
0.9845 0
0.985 0.012012
0.9855 0.00800801
0.986 0
0.9865 0.002002
0.987 0.018018
0.9875 0
0.988 0.00835342
0.9885 0.014014
0.989 0
0.9895 0.00811794
0.99 0.014014
0.9905 0
0.991 0.014014
0.9915 0.00600601
0.992 0
0.9925 0.00600601
0.993 0.0237088
0.9935 0
0.994 0.0208842
0.9945 0.0180907
0.995 0
0.9955 0.00600601
0.996 0.0183729
0.9965 0
0.997 0.016926
0.9975 0.0176504
0.998 0
0.9985 0.004004
0.999 0.014912
0.9995 0
1.0 0
